1.999,-139768.711,5.13456504404997,-1.77126177899536E-4
1.99995,-139161.5705,5.13456504404997,--
1.99995,-138545.7655,5.13456504404997,-1.73406633270048E-4
2.0003,-137987.8515,5.13456504404997,--
1.99975,-137339.602,5.13456504404997,-1.73785016777274E-4
1.9995,-136756.375,5.13456504404997,--
1.9997,-136175.391,5.13456504404997,-1.70150506576253E-4
2.0006,-135634.3905,5.13456504404997,--
2.00015,-134974.5315,5.13456504404997,-1.70359306368722E-4
1.9998,-134437.039,5.13456504404997,--
2.00015,-133791.0315,5.13456504404997,-1.67297969823134E-4
1.9993,-133251.703,5.13456504404997,--
1.9995,-132614.9295,5.13456504404997,-1.69033810309327E-4
1.99965,-132018.2815,5.13456504404997,--
1.9995,-131372.6955,5.13456504404997,-1.66709429607974E-4
2.00045,-130880.5,5.13456504404997,--
1.99975,-130171.8435,5.13456504404997,-1.64373596432082E-4
1.9996,-129596.0315,5.13456504404997,--
2.0009,-128949.4645,5.13456504404997,-1.63671256982453E-4
2.00005,-128390.5705,5.13456504404997,--
2.00065,-127722.6095,5.13456504404997,-1.62884558105202E-4
1.99965,-127159.9415,5.13456504404997,--
2.00025,-126516.4495,5.13456504404997,-1.62502480143616E-4
1.99975,-125958.535,5.13456504404997,--
2.00055,-125270.7185,5.13456504404997,-1.58838621073152E-4
1.99975,-124727.3475,5.13456504404997,--
2.0001,-124107.629,5.13456504404997,-1.59567458815958E-4
1.9995,-123566.0705,5.13456504404997,--
1.9999,-122905.102,5.13456504404997,-1.56572523076319E-4
2.00025,-122319.641,5.13456504404997,--
2.0002,-121649.0235,5.13456504404997,-1.54443065965979E-4
1.9997,-121091.668,5.13456504404997,--
1.9999,-120410.984,5.13456504404997,-1.50770629748827E-4
2.00065,-119862.0195,5.13456504404997,--
2.0004,-119213.492,5.13456504404997,-1.50092817015495E-4
1.99975,-118660.1955,5.13456504404997,--
2.00075,-118008.594,5.13456504404997,-1.49610654212804E-4
2.0007,-117429.9845,5.13456504404997,--
2.00005,-116834.734,5.13456504404997,-1.49960665362204E-4
2.00065,-116252.77,5.13456504404997,--
1.9988,-115606.203,5.13456504404997,-1.48808361747299E-4
2.0007,-115002.2815,5.13456504404997,--
2.00025,-114356.4145,5.13456504404997,-1.44820200289899E-4
2.00035,-113759.91,5.13456504404997,--
1.999,-113154.453,5.13456504404997,-1.42080824458332E-4
2.00065,-112539.7655,5.13456504404997,--
2.00015,-111860.203,5.13456504404997,-1.42346786862116E-4
1.99955,-111303.2655,5.13456504404997,--
2.00045,-110639.7815,5.13456504404997,-1.40321985289809E-4
1.9998,-110082.9845,5.13456504404997,--
1.99975,-109497.2385,5.13456504404997,-1.38496656036464E-4
2.0005,-108954.289,5.13456504404997,--
1.9992,-108282.6915,5.13456504404997,-1.38199264057437E-4
2.0007,-107695.836,5.13456504404997,--
2.0003,-107034.586,5.13456504404997,-1.35360439878804E-4
2.0001,-106465.207,5.13456504404997,--
1.9996,-105844.785,5.13456504404997,-1.35263509395498E-4
1.99945,-105319.313,5.13456504404997,--
2.0006,-104725.461,5.13456504404997,-1.34253443026455E-4
2.0004,-104134.6875,5.13456504404997,--
2.00055,-103468.4065,5.13456504404997,-1.31662421168076E-4
1.99945,-102913.2855,5.13456504404997,--
2.0003,-102303.074,5.13456504404997,-1.28494987015093E-4
1.9997,-101719.992,5.13456504404997,--
1.9997,-101065.7385,5.13456504404997,-1.28380895526303E-4
2.00055,-100487.824,5.13456504404997,--
1.9997,-99917.887,5.13456504404997,-1.27933574307065E-4
2,-99362.7655,5.13456504404997,--
2.00025,-98666.5625,5.13456504404997,-1.27774817018954E-4
1.9999,-98081.1015,5.13456504404997,--
2.00005,-97417.055,5.13456504404997,-1.25104206406763E-4
2.0002,-96884.453,5.13456504404997,--
2.0005,-96258.4375,5.13456504404997,-1.23672617295161E-4
2.0002,-95712.828,5.13456504404997,--
1.9997,-95059.691,5.13456504404997,-1.22923260460051E-4
2,-94479.8245,5.13456504404997,--
2,-93856.051,5.13456504404997,-1.21370600869903E-4
1.9999,-93306.1015,5.13456504404997,--
1.9998,-92647.512,5.13456504404997,-1.19159172587812E-4
2.00025,-92122.7385,5.13456504404997,--
2,-91461.488,5.13456504404997,-1.17596600285999E-4
2.00035,-90942.4455,5.13456504404997,--
2.00035,-90377.121,5.13456504404997,-1.17792277238876E-4
2.00015,-89841.582,5.13456504404997,--
1.99935,-89182.008,5.13456504404997,-1.15212859872558E-4
2.0001,-88626.75,5.13456504404997,--
2.0006,-88008.988,5.13456504404997,-1.13785534939228E-4
1.9998,-87488.129,5.13456504404997,--
1.99985,-86818.3515,5.13456504404997,-1.14396953316221E-4
1.99985,-86274.281,5.13456504404997,--
1.9992,-85625.754,5.13456504404997,-1.11173025879489E-4
1.99985,-85065.883,5.13456504404997,--
1.99975,-84453.578,5.13456504404997,-1.10429912512146E-4
1.99995,-83890.625,5.13456504404997,--
2.00045,-83267.2695,5.13456504404997,-1.08578109648727E-4
2.0002,-82673.84,5.13456504404997,--
1.9999,-81993.8555,5.13456504404997,-1.05675240866013E-4
2.00035,-81411.75,5.13456504404997,--
1.99955,-80805.176,5.13456504404997,-1.03458199999793E-4
2.0003,-80259.844,5.13456504404997,--
2.0002,-79572.59,5.13456504404997,-1.0240034363079E-4
1.99985,-78985.168,5.13456504404997,--
1.9999,-78360.836,5.13456504404997,-1.03368359578823E-4
1.9997,-77819.2815,5.13456504404997,--
2.00025,-77229.488,5.13456504404997,-1.00006645718178E-4
2.00015,-76680.9375,5.13456504404997,--
2.00005,-76035.633,5.13456504404997,-9.77796351632629E-5
2.00045,-75476.18,5.13456504404997,--
2.0002,-74773.961,5.13456504404997,-9.58110662182277E-5
2.0001,-74238.699,5.13456504404997,--
1.99925,-73626.949,5.13456504404997,-9.41121043531194E-5
1.9995,-73087.914,5.13456504404997,--
1.99965,-72424.1485,5.13456504404997,-9.25538661501106E-5
1.99975,-71860.2185,5.13456504404997,--
2.0001,-71178.277,5.13456504404997,-9.45823375248337E-5
1.99975,-70603.4415,5.13456504404997,--
1.99955,-69929.8905,5.13456504404997,-9.01987860211203E-5
2.00015,-69378.406,5.13456504404997,--
2.00015,-68778.8245,5.13456504404997,-9.2093288215217E-5
1.9989,-68201.473,5.13456504404997,--
2.0002,-67533.0935,5.13456504404997,-8.89268430340773E-5
2.0001,-66986.7855,5.13456504404997,--
1.99985,-66349.449,5.13456504404997,-8.65379873537885E-5
2,-65783.1445,5.13456504404997,--
2.00025,-65172.371,5.13456504404997,-8.38397978381996E-5
1.9998,-64628.02,5.13456504404997,--
2.0001,-63991.662,5.13456504404997,-8.34545435649324E-5
2,-63438.781,5.13456504404997,--
1.99995,-62812.49,5.13456504404997,-8.16899616999371E-5
2.0002,-62261.1465,5.13456504404997,--
2.0007,-61615.699,5.13456504404997,-7.98990195716309E-5
1.99985,-61050.652,5.13456504404997,--
1.9999,-60382.135,5.13456504404997,-7.97197779928024E-5
1.9999,-59811.7775,5.13456504404997,--
1.9997,-59149.408,5.13456504404997,-7.58999402001601E-5
1.99995,-58610.928,5.13456504404997,--
1.99975,-57960.307,5.13456504404997,-7.79121346516057E-5
1.9999,-57367.1565,5.13456504404997,--
1.9987,-56697.658,5.13456504404997,-7.47365359838387E-5
1.9997,-56142.68,5.13456504404997,--
1.9996,-55529.533,5.13456504404997,-7.29376560340651E-5
1.99995,-54942.3945,5.13456504404997,--
1.9988,-54304.914,5.13456504404997,-7.27761393983955E-5
1.99975,-53762.803,5.13456504404997,--
1.99975,-53113.998,5.13456504404997,-6.63750708838335E-5
2.00005,-52519.4475,5.13456504404997,--
2.0003,-51856.523,5.13456504404997,-6.67687980342574E-5
1.99975,-51309.652,5.13456504404997,--
1.99995,-50660.1505,5.13456504404997,-6.67403495510734E-5
1.99955,-50094.125,5.13456504404997,--
2.0004,-49452.3145,5.13456504404997,-6.51378479988025E-5
1.9997,-48900.551,5.13456504404997,--
1.99985,-48260.557,5.13456504404997,-6.25001190668773E-5
1.99965,-47699.1465,5.13456504404997,--
2,-47105.293,5.13456504404997,-6.06120871209835E-5
2.0001,-46536.4745,5.13456504404997,--
1.99995,-45893.123,5.13456504404997,-5.96506727709875E-5
1.9996,-45345.836,5.13456504404997,--
2.0003,-44720.5235,5.13456504404997,-5.70067086571801E-5
1.99995,-44177.4295,5.13456504404997,--
1.99955,-43480.1055,5.13456504404997,-5.8352961244054E-5
1.9998,-42937.9905,5.13456504404997,--
2.00035,-42292.123,5.13456504404997,-5.78792832281885E-5
1.99995,-41724.9805,5.13456504404997,--
2.0008,-41046.1115,5.13456504404997,-5.34284810443324E-5
2.00015,-40479.5295,5.13456504404997,--
2.0007,-39845.965,5.13456504404997,-5.44678234545554E-5
2.0001,-39303.5705,5.13456504404997,--
2.0009,-38647.639,5.13456504404997,-5.2037796427149E-5
1.99965,-38098.3905,5.13456504404997,--
2.00005,-37484.961,5.13456504404997,-4.95906398460543E-5
2,-36923.2735,5.13456504404997,--
2.0002,-36276.1465,5.13456504404997,-4.87649485529683E-5
2.0002,-35713.4765,5.13456504404997,--
1.9997,-35086.0665,5.13456504404997,-4.86757563379818E-5
1.99995,-34485.6425,5.13456504404997,--
2.00005,-33804.3985,5.13456504404997,-4.34982006826663E-5
1.9996,-33271.6525,5.13456504404997,--
1.9999,-32670.671,5.13456504404997,-4.18120808477464E-5
1.9996,-32095.1385,5.13456504404997,--
1.9998,-31419.4855,5.13456504404997,-4.14149560120445E-5
1.99965,-30852.7605,5.13456504404997,--
2,-30166.3425,5.13456504404997,-3.85353551780843E-5
1.9995,-29609.123,5.13456504404997,--
2.0002,-28918.2325,5.13456504404997,-3.89668152095422E-5
2.0001,-28376.956,5.13456504404997,--
1.9996,-27739.059,5.13456504404997,-3.42806425027717E-5
1.99975,-27180.8635,5.13456504404997,--
1.99995,-26474.3105,5.13456504404997,-3.37861528286448E-5
1.9996,-25921.1475,5.13456504404997,--
2.00035,-25271.3655,5.13456504404997,-3.32345883944468E-5
1.99935,-24718.623,5.13456504404997,--
1.99975,-24009.1315,5.13456504404997,-2.91257836219466E-5
1.99965,-23431.082,5.13456504404997,--
2.0007,-22747.5995,5.13456504404997,-2.93701742701857E-5
1.99985,-22183.25,5.13456504404997,--
2,-21480.8915,5.13456504404997,-2.53685553457142E-5
1.9998,-20929.6875,5.13456504404997,--
1.99985,-20257.389,5.13456504404997,-2.29061766942292E-5
2.0004,-19714.4315,5.13456504404997,--
2.0002,-19039.8955,5.13456504404997,-2.37547107734065E-5
1.9995,-18522.667,5.13456504404997,--
1.99935,-17920.981,5.13456504404997,-2.62240912869818E-5
2.00025,-17355.6535,5.13456504404997,--
1.99955,-16703.91,5.13456504404997,-2.53744983854197E-5
2.0005,-16141.9395,5.13456504404997,--
2.00035,-15513.1275,5.13456504404997,-1.72959471253096E-5
1.9999,-14962.621,5.13456504404997,--
2.0003,-14265.2945,5.13456504404997,-2.08584403099367E-5
1.99995,-13699.267,5.13456504404997,--
2.00025,-13040.113,5.13456504404997,-1.77051623362604E-5
2,-12453.531,5.13456504404997,--
2.00025,-11769.768,5.13456504404997,-1.4970124572146E-5
1.99945,-11195.49,5.13456504404997,--
1.99945,-10520.955,5.13456504404997,-1.57805512485827E-5
2.00075,-9945.2795,5.13456504404997,--
1.9996,-9300.8055,5.13456504404997,-1.23506027033323E-5
2.00035,-8703.456,5.13456504404997,--
2.00015,-8067.652,5.13456504404997,-1.19980519220337E-5
2.0003,-7514.766,5.13456504404997,--
1.99945,-6903.0105,5.13456504404997,-1.26662480540357E-5
2.0003,-6262.034,5.13456504404997,--
1.9991,-5550.0175,5.13456504404997,-9.7178636503595E-6
1.9996,-4959.797,5.13456504404997,--
2.00035,-4220.6545,5.13456504404997,-7.64430698085131E-6
1.99945,-3736.281,5.13456504404997,--
1.99865,-3048.1755,5.13456504404997,-7.55080055654553E-6
2.00065,-2444.104,5.13456504404997,--
1.9994,-1867.858,5.13456504404997,-6.66405548452612E-6
1.99965,-1285.8755,5.13456504404997,--
1.9998,-591.609,5.13456504404997,-8.99821575504041E-6
2,-28.082,5.13456504404997,--
2.00005,615.57,5.13456504404997,-9.04945709252757E-6
1.99755,1210.001,5.13456504404997,--
2.00065,1768.2125,5.13456504404997,-5.20653489157075E-6
2.0001,2317.6135,5.13456504404997,--
1.99945,2912.18,5.13456504404997,-5.20706672142808E-6
2.00125,3479.7535,5.13456504404997,--
2.00035,4097.5265,5.13456504404997,-1.3881381953272E-6
2.001,4605.671,5.13456504404997,--
1.9995,5238.2655,5.13456504404997,-5.52952429052956E-6
2.0018,5722.9165,5.13456504404997,--
1.99825,6320.4105,5.13456504404997,-3.81701096086146E-6
1.998,6867.705,5.13456504404997,--
1.9989,7460.862,5.13456504404997,-3.55701433787892E-6
1.99965,7973.0585,5.13456504404997,--
2.0016,8624.244,5.13456504404997,-4.06044654562564E-6
1.9988,9151.542,5.13456504404997,--
1.9999,9697.0155,5.13456504404997,-2.78595165315938E-6
2.0006,10236.3365,5.13456504404997,--
1.9995,10859.9745,5.13456504404997,-2.31324361422754E-6
1.9995,11414.3965,5.13456504404997,--
2.0002,12026.29,5.13456504404997,-3.55843284259406E-6
1.9995,12588.9635,5.13456504404997,--
2.0001,13163.3805,5.13456504404997,-2.10972607217772E-6
1.99915,13666.344,5.13456504404997,--
2,14298.232,5.13456504404997,-1.82503889062408E-6
2.0006,14836.014,5.13456504404997,--
1.9996,15452.379,5.13456504404997,-1.43853928920432E-6
1.99985,15998.6885,5.13456504404997,--
2.00035,16570.8675,5.13456504404997,3.09834747458531E-6
2.0001,17110.049,5.13456504404997,--
2.00005,17753.121,5.13456504404997,1.87650423588358E-6
2.0007,18266.99,5.13456504404997,--
2.00025,18904.4705,5.13456504404997,5.21312108956952E-6
2.0004,19429.1085,5.13456504404997,--
2.0002,20100.004,5.13456504404997,5.05357225313119E-6
2,20643.6685,5.13456504404997,--
2.00095,21302.131,5.13456504404997,8.08082333549058E-6
2.0005,21843.411,5.13456504404997,--
2.00035,22461.5945,5.13456504404997,1.0740079705088E-5
1.9994,23001.1965,5.13456504404997,--
2.0009,23645.25,5.13456504404997,1.10274893601373E-5
1.99955,24217.43,5.13456504404997,--
2.00005,24806.5285,5.13456504404997,1.18081724907019E-5
1.99885,25361.369,5.13456504404997,--
1.9999,25998.431,5.13456504404997,1.14988502513001E-5
2.0003,26560.122,5.13456504404997,--
1.9999,27216.201,5.13456504404997,1.42522484869802E-5
2.0004,27746.71,5.13456504404997,--
1.9995,28318.1905,5.13456504404997,1.53941856724163E-5
2.0005,28862.6825,5.13456504404997,--
2.00075,29490.794,5.13456504404997,1.35462637806183E-5
2.0007,30008.159,5.13456504404997,--
1.99895,30660.462,5.13456504404997,1.65322174404248E-5
1.99965,31196.5635,5.13456504404997,--
1.9991,31836.139,5.13456504404997,1.84851426605115E-5
2.0004,32379.6525,5.13456504404997,--
2.00045,32993.5,5.13456504404997,1.85328111935337E-5
2.00035,33534.0785,5.13456504404997,--
2.0003,34152.119,5.13456504404997,1.74245630630445E-5
2.0003,34692.838,5.13456504404997,--
1.9991,35309.3415,5.13456504404997,2.08786749056668E-5
1.9992,35853.5545,5.13456504404997,--
2.00025,36499.9805,5.13456504404997,2.35359338910497E-5
1.9999,37016.367,5.13456504404997,--
1.99935,37676.916,5.13456504404997,2.19706860615805E-5
2.00045,38210.082,5.13456504404997,--
2.0002,38851.8945,5.13456504404997,2.63226918785746E-5
2.0004,39382.543,5.13456504404997,--
2.00035,39987.8615,5.13456504404997,2.65439126192271E-5
1.9997,40531.795,5.13456504404997,--
1.9996,41184.791,5.13456504404997,2.64604912873866E-5
2.00015,41729.9845,5.13456504404997,--
2.0001,42416.543,5.13456504404997,3.10778705790174E-5
1.99955,42984.8045,5.13456504404997,--
2.00025,43632.35,5.13456504404997,3.20816668223785E-5
2.00045,44192.223,5.13456504404997,--
1.99955,44856.547,5.13456504404997,3.33467890914053E-5
2.00045,45389.854,5.13456504404997,--
2.00055,46003.5585,5.13456504404997,3.57760798557315E-5
2.00025,46531.5525,5.13456504404997,--
1.9996,47199.373,5.13456504404997,3.79039021484457E-5
1.99965,47729.6015,5.13456504404997,--
1.99975,48360.367,5.13456504404997,3.93755756229001E-5
1.9995,48938.137,5.13456504404997,--
1.99985,49524.857,5.13456504404997,3.37409727217763E-5
1.9998,50052.4315,5.13456504404997,--
1.99995,50667.254,5.13456504404997,3.94975525984796E-5
1.9996,51217.0585,5.13456504404997,--
2.00075,51896.207,5.13456504404997,4.12330617148227E-5
1.99955,52428.5355,5.13456504404997,--
1.99955,53014.135,5.13456504404997,4.23341749255027E-5
1.9995,53569.535,5.13456504404997,--
2.0003,54190.6525,5.13456504404997,4.33327468431067E-5
1.9999,54735.2815,5.13456504404997,--
1.9994,55341.299,5.13456504404997,4.38247612868808E-5
2.00075,55864.8165,5.13456504404997,--
2.00035,56496.004,5.13456504404997,4.55901579791174E-5
1.99955,57036.578,5.13456504404997,--
2,57668.6035,5.13456504404997,4.62156825917401E-5
2.0007,58198.832,5.13456504404997,--
2.00095,58830.0175,5.13456504404997,4.72598867283741E-5
1.9994,59394.783,5.13456504404997,--
2.00035,60065.961,5.13456504404997,4.99975739944789E-5
1.99935,60649.6035,5.13456504404997,--
1.99955,61226.3945,5.13456504404997,5.18110169391857E-5
2.0003,61789.9045,5.13456504404997,--
2.00065,62403.75,5.13456504404997,5.28530827175254E-5
1.99995,62947.543,5.13456504404997,--
1.99975,63547.127,5.13456504404997,5.102755087328E-5
2.00005,64078.754,5.13456504404997,--
2.0003,64693.4395,5.13456504404997,5.40097356340989E-5
2.0004,65243.1035,5.13456504404997,--
1.9999,65853.176,5.13456504404997,5.68213929653273E-5
2.00025,66402.6995,5.13456504404997,--
2.00075,67014.4495,5.13456504404997,5.61795657056794E-5
1.99975,67567.6095,5.13456504404997,--
2.0002,68231.9335,5.13456504404997,6.22701875149192E-5
1.99935,68790.406,5.13456504404997,--
2.00065,69439.4925,5.13456504404997,6.04867781993107E-5
1.99925,69998.6645,5.13456504404997,--
2.00085,70658.793,5.13456504404997,6.32237498465499E-5
1.9999,71224.957,5.13456504404997,--
2.00035,71834.051,5.13456504404997,6.33220601442646E-5
1.99955,72388.0505,5.13456504404997,--
2.0006,73010.984,5.13456504404997,6.48651096129421E-5
1.99965,73586.797,5.13456504404997,--
2.00065,74199.8045,5.13456504404997,6.58454865968535E-5
2.0005,74682.4885,5.13456504404997,--
2.00065,75303.465,5.13456504404997,6.44378094833024E-5
1.99975,75883.6135,5.13456504404997,--
1.9996,76524.727,5.13456504404997,6.69730006353675E-5
1.99985,77107.254,5.13456504404997,--
1.99955,77736.758,5.13456504404997,6.78379456441115E-5
2.00085,78318.4415,5.13456504404997,--
1.9998,78959.1365,5.13456504404997,6.97227872011246E-5
1.9994,79457.902,5.13456504404997,--
1.9996,80127.121,5.13456504404997,7.14658421495256E-5
2.0007,80636.5155,5.13456504404997,--
2.0004,81261.547,5.13456504404997,7.46432203854105E-5
1.9996,81796.8125,5.13456504404997,--
2.00035,82483.367,5.13456504404997,7.41509880301192E-5
1.99945,83038.0625,5.13456504404997,--
2.0001,83654.289,5.13456504404997,7.51091977831573E-5
1.9998,84226.3245,5.13456504404997,--
2.0003,84865.9025,5.13456504404997,7.85919118592153E-5
2.0003,85406.0545,5.13456504404997,--
1.99975,86050.664,5.13456504404997,8.13240405305237E-5
2.00035,86585.367,5.13456504404997,--
2.0002,87207.8865,5.13456504404997,7.98441095306409E-5
1.99975,87753.633,5.13456504404997,--
2.00005,88359.6485,5.13456504404997,7.95109088176591E-5
1.99985,88927.629,5.13456504404997,--
1.9999,89566.086,5.13456504404997,8.27176590499253E-5
2.0004,90133.9295,5.13456504404997,--
1.9996,90723.7265,5.13456504404997,8.29659706840782E-5
2.0007,91277.305,5.13456504404997,--
1.9999,91898.004,5.13456504404997,8.58341927661536E-5
1.9999,92469.6175,5.13456504404997,--
1.9998,93164.7035,5.13456504404997,8.70354124458509E-5
2.00055,93712.4145,5.13456504404997,--
2.0012,94391.703,5.13456504404997,8.75818951975892E-5
2,94927.2425,5.13456504404997,--
2.00025,95493.547,5.13456504404997,8.79165749174584E-5
2.00005,96064.8865,5.13456504404997,--
2.0005,96767.5235,5.13456504404997,9.02463717739261E-5
2.00025,97339.422,5.13456504404997,--
2.0005,97988.3595,5.13456504404997,9.18637545097054E-5
2.00055,98536.07,5.13456504404997,--
1.99975,99197.176,5.13456504404997,9.35390819325735E-5
1.9999,99727.6875,5.13456504404997,--
1.99995,100375.2305,5.13456504404997,9.35976427224258E-5
2.0008,100937.0625,5.13456504404997,--
2.00005,101586.703,5.13456504404997,9.4493332089478E-5
2.00005,102124.0625,5.13456504404997,--
1.9998,102769.367,5.13456504404997,9.67663568680102E-5
2.00055,103312.461,5.13456504404997,--
1.9999,103928.824,5.13456504404997,9.74812179151887E-5
2.00035,104462.129,5.13456504404997,--
2.00015,105123.375,5.13456504404997,9.83494521317521E-5
2.0007,105680.875,5.13456504404997,--
2.00015,106328.414,5.13456504404997,1.00999658257007E-4
1.9998,106885.629,5.13456504404997,--
1.9999,107537.652,5.13456504404997,1.01013583415549E-4
2.00045,108066.4805,5.13456504404997,--
2,108664.1055,5.13456504404997,1.01398062749782E-4
2.00035,109236.1405,5.13456504404997,--
2.00045,109831.1135,5.13456504404997,1.03850954580398E-4
2,110384.129,5.13456504404997,--
1.99985,111050.6915,5.13456504404997,1.06651570469319E-4
2.00035,111600.6405,5.13456504404997,--
1.99975,112255.1715,5.13456504404997,1.06660031490463E-4
1.99895,112798.8205,5.13456504404997,--
2.0004,113416.027,5.13456504404997,1.09417693159424E-4
2.0003,113950.0275,5.13456504404997,--
1.99975,114557.0275,5.13456504404997,1.10683298057739E-4
2.0004,115089.0705,5.13456504404997,--
2.0004,115719.414,5.13456504404997,1.12652397149722E-4
1.99995,116264.465,5.13456504404997,--
1.9998,116907.957,5.13456504404997,1.10462016489584E-4
2.00015,117472.578,5.13456504404997,--
2,118127.535,5.13456504404997,1.11221809504154E-4
1.99995,118670.211,5.13456504404997,--
2.00035,119262.9415,5.13456504404997,1.1344795884941E-4
1.99965,119772.8945,5.13456504404997,--
2.00055,120360.871,5.13456504404997,1.13501045037494E-4
2.00025,120923.262,5.13456504404997,--
2.00025,121571.5,5.13456504404997,1.15597598526515E-4
2.00005,122113.1995,5.13456504404997,--
2.00045,122767.8715,5.13456504404997,1.17048531164073E-4
1.99955,123325.371,5.13456504404997,--
1.9997,123974.4535,5.13456504404997,1.17446157620877E-4
2.00015,124505.2425,5.13456504404997,--
2.0002,125116.988,5.13456504404997,1.19157463168108E-4
1.99985,125696.438,5.13456504404997,--
1.99985,126327.4805,5.13456504404997,1.21560823475038E-4
1.9997,126842.746,5.13456504404997,--
2.00025,127458.414,5.13456504404997,1.20827191121304E-4
2,128019.824,5.13456504404997,--
2.00015,128595.7775,5.13456504404997,1.25809789202889E-4
2.00045,129114.258,5.13456504404997,--
1.9993,129776.344,5.13456504404997,1.25396961480956E-4
1.99995,130306.9925,5.13456504404997,--
2.0003,130965.0235,5.13456504404997,1.2803758906297E-4
1.99985,131515.8045,5.13456504404997,--
2.0003,132160.703,5.13456504404997,1.26153611962791E-4
2.0002,132696.5155,5.13456504404997,--
1.99995,133308.414,5.13456504404997,1.29059516476533E-4
2.00045,133904.914,5.13456504404997,--
2.0005,134584.8985,5.13456504404997,1.28330639966011E-4
2.0002,135160.0155,5.13456504404997,--
2.00035,135756.6565,5.13456504404997,1.29460696866321E-4
1.99935,136269.133,5.13456504404997,--
2.0005,136913.039,5.13456504404997,1.30564615539828E-4
2.00025,137448.3045,5.13456504404997,--
1.99995,138074.172,5.13456504404997,1.31347557886248E-4
1.99965,138594.8985,5.13456504404997,--
2.00045,139220.9145,5.13456504404997,1.30984833280602E-4
2.0005,139736.8515,5.13456504404997,--
2.00015,140000.75,5.13456504404997,1.32539462729173E-4
2.0002,140000.75,5.13456504404997,--
10.00135,139742.8985,5.13456504404997,1.25908524514989E-4
10.0011,139116.32,5.13456504404997,--
10.00105,138493.9535,5.13456504404997,1.25738673457907E-4
9.99975,137966.93,5.13456504404997,--
10.0011,137361.477,5.13456504404997,1.26278264406301E-4
9.9996,136802.8595,5.13456504404997,--
10.0011,136151.8205,5.13456504404997,1.26042604812864E-4
10.00015,135600.0465,5.13456504404997,--
9.9998,134953.7655,5.13456504404997,1.24882315355496E-4
9.9996,134418.4925,5.13456504404997,--
9.9996,133776.3985,5.13456504404997,1.23040504422257E-4
9.99915,133235.4065,5.13456504404997,--
10.0002,132583.9455,5.13456504404997,1.24628164764708E-4
9.9999,132035.258,5.13456504404997,--
10.00025,131420.8515,5.13456504404997,1.22029737865469E-4
9.9996,130869.6445,5.13456504404997,--
9.99965,130214.5465,5.13456504404997,1.22881281646076E-4
10,129661.9495,5.13456504404997,--
9.9997,129019.574,5.13456504404997,1.19445566488827E-4
10.0005,128467.1095,5.13456504404997,--
10.0015,127748.254,5.13456504404997,1.19058363133887E-4
9.99905,127196.3515,5.13456504404997,--
9.999,126577.609,5.13456504404997,1.18784505233685E-4
10.0003,126046.3985,5.13456504404997,--
10.00075,125361.5195,5.13456504404997,1.16832409858645E-4
9.99985,124800.9495,5.13456504404997,--
9.9985,124128.656,5.13456504404997,1.14721236926238E-4
9.99975,123570.879,5.13456504404997,--
9.9997,122949.0625,5.13456504404997,1.13702608755685E-4
10.00125,122378.6995,5.13456504404997,--
9.9999,121765.6915,5.13456504404997,1.14019804857411E-4
9.999,121203.8635,5.13456504404997,--
10.0019,120506.961,5.13456504404997,1.11443834738494E-4
9.99985,119954.3555,5.13456504404997,--
10.0007,119345.547,5.13456504404997,1.09933763705246E-4
9.99905,118802.59,5.13456504404997,--
9.99995,118147.7735,5.13456504404997,1.08883616725623E-4
9.9999,117595.3125,5.13456504404997,--
9.99995,116974.6135,5.13456504404997,1.08027873725482E-4
10.00115,116426.629,5.13456504404997,--
10.00085,115781.6015,5.13456504404997,1.07807458951966E-4
10.00225,115181.176,5.13456504404997,--
10.00075,114542.164,5.13456504404997,1.04615868395446E-4
10.0004,113976.5585,5.13456504404997,--
9.99925,113298.668,5.13456504404997,1.04136667846969E-4
10.00045,112762.566,5.13456504404997,--
9.99915,112102.1565,5.13456504404997,1.02490758181295E-4
9.99985,111539.629,5.13456504404997,--
10.00075,110928.8595,5.13456504404997,1.03714191808323E-4
10.00095,110380.7305,5.13456504404997,--
10.00085,109728.8475,5.13456504404997,1.00539980949096E-4
10.0004,109168.2815,5.13456504404997,--
9.99985,108574.43,5.13456504404997,1.01782875415334E-4
10.00085,108016.09,5.13456504404997,--
9.9988,107378.754,5.13456504404997,9.85018365406095E-5
10.00145,106851.184,5.13456504404997,--
10.0004,106155.8205,5.13456504404997,9.64812356223485E-5
10.0002,105596.785,5.13456504404997,--
10.00035,104963.5,5.13456504404997,9.62870446989742E-5
9.99945,104406.1445,5.13456504404997,--
10.0004,103832.152,5.13456504404997,9.35336591977663E-5
10.00065,103275.914,5.13456504404997,--
9.99965,102635.219,5.13456504404997,9.32126924488336E-5
10.0001,102086.9535,5.13456504404997,--
9.9995,101434.9375,5.13456504404997,9.29923080740367E-5
9.99935,100876.1795,5.13456504404997,--
10.00105,100259.258,5.13456504404997,9.22609677795067E-5
10.00035,99698.125,5.13456504404997,--
9.99965,99023.453,5.13456504404997,9.03708016252964E-5
10.0001,98464.9805,5.13456504404997,--
10.0009,97852.5315,5.13456504404997,8.88658765895878E-5
9.99975,97314.055,5.13456504404997,--
9.9995,96649.59,5.13456504404997,8.73413882246056E-5
10.0012,96085.664,5.13456504404997,--
10.00045,95457.137,5.13456504404997,8.54656991628513E-5
9.99865,94890.2695,5.13456504404997,--
10,94230.5585,5.13456504404997,8.57463222489945E-5
9.9999,93672.082,5.13456504404997,--
10.0002,93038.9415,5.13456504404997,8.28064671788292E-5
9.99985,92482.008,5.13456504404997,--
10.0004,91825.93,5.13456504404997,8.14641744737021E-5
9.99955,91262.285,5.13456504404997,--
9.99995,90592.7855,5.13456504404997,8.07920248533736E-5
9.99945,90030.535,5.13456504404997,--
9.9995,89426.621,5.13456504404997,7.95218581632523E-5
10.0003,88859.4765,5.13456504404997,--
10.00025,88226.613,5.13456504404997,7.80364111480229E-5
9.9993,87654.156,5.13456504404997,--
10.0006,87012.4805,5.13456504404997,7.7487568509473E-5
10.00005,86439.8865,5.13456504404997,--
9.99875,85788.426,5.13456504404997,7.58443766280163E-5
10.0031,85202.547,5.13456504404997,--
10.0003,84545.6325,5.13456504404997,7.3537109602376E-5
9.9991,83997.504,5.13456504404997,--
9.99935,83420.4335,5.13456504404997,7.2827160930652E-5
10.0003,82874.547,5.13456504404997,--
9.99995,82199.3125,5.13456504404997,7.40167108465099E-5
10.0002,81651.0465,5.13456504404997,--
9.99785,81021.262,5.13456504404997,6.94316134505724E-5
9.99955,80436.219,5.13456504404997,--
9.9995,79764.348,5.13456504404997,6.99971813575112E-5
10.0018,79197.762,5.13456504404997,--
10.0013,78595.242,5.13456504404997,6.8094414252234E-5
10.0014,78056.6215,5.13456504404997,--
10.0001,77432.988,5.13456504404997,6.51664662154498E-5
10.0001,76864.7265,5.13456504404997,--
9.9986,76235.3555,5.13456504404997,6.44318626852527E-5
9.99985,75656.1875,5.13456504404997,--
10.00065,75054.2305,5.13456504404997,6.26022032744681E-5
10.00065,74494.7775,5.13456504404997,--
10.00035,73872.258,5.13456504404997,6.36604259230828E-5
10.0001,73344.41,5.13456504404997,--
10.00055,72688.4765,5.13456504404997,6.15233042335872E-5
9.99865,72106.09,5.13456504404997,--
10.00045,71434.3515,5.13456504404997,6.0461666784727E-5
9.99945,70881.891,5.13456504404997,--
10.00045,70265.5275,5.13456504404997,5.84383150155111E-5
10.0012,69663.9885,5.13456504404997,--
10.00015,69016.16,5.13456504404997,5.93036603119703E-5
10.00055,68481.3205,5.13456504404997,--
9.99935,67845.102,5.13456504404997,5.77778090840518E-5
10.0001,67298.5115,5.13456504404997,--
9.99995,66654.18,5.13456504404997,5.39085792196243E-5
10.00135,66095.707,5.13456504404997,--
9.99835,65415.584,5.13456504404997,5.50215313940821E-5
10.0002,64862.0015,5.13456504404997,--
9.99995,64167.8945,5.13456504404997,5.13769891700646E-5
10.00165,63618.371,5.13456504404997,--
9.99835,62938.5255,5.13456504404997,5.3490964560174E-5
10.0012,62395.291,5.13456504404997,--
9.99825,61806.4725,5.13456504404997,4.95229649277512E-5
10.0006,61272.332,5.13456504404997,--
10.00065,60609.963,5.13456504404997,4.7331840349368E-5
10.00035,60017.791,5.13456504404997,--
10.00045,59376.117,5.13456504404997,4.76836771738666E-5
10.00045,58854.139,5.13456504404997,--
9.9999,58170.5195,5.13456504404997,4.80420333418088E-5
10.00025,57591.35,5.13456504404997,--
10.00015,56941.707,5.13456504404997,4.53564269732388E-5
10.0004,56374.143,5.13456504404997,--
9.99985,55669.4085,5.13456504404997,4.52888812877543E-5
10.00065,55100.8695,5.13456504404997,--
10.00055,54410.3945,5.13456504404997,4.3933870990721E-5
10.00005,53897.9255,5.13456504404997,--
9.999,53213.326,5.13456504404997,4.0409558927321E-5
10.00025,52640.17,5.13456504404997,--
9.9994,52009.262,5.13456504404997,3.78447936377026E-5
9.99915,51446.7345,5.13456504404997,--
10.00115,50779.8925,5.13456504404997,3.89681903055103E-5
9.9996,50202.2615,5.13456504404997,--
9.999,49539.336,5.13456504404997,3.5270237546323E-5
10.00065,49002.676,5.13456504404997,--
10.00035,48349.537,5.13456504404997,3.44097527394444E-5
10.0004,47795.3945,5.13456504404997,--
10.00025,47186.3045,5.13456504404997,3.54003310982104E-5
9.99885,46626.8515,5.13456504404997,--
10.00075,45928.83,5.13456504404997,3.17540258137913E-5
9.99895,45369.375,5.13456504404997,--
10.00005,44727.842,5.13456504404997,3.31377371886152E-5
9.99975,44208.2405,5.13456504404997,--
10.00025,43541.541,5.13456504404997,3.30816902411188E-5
9.9994,43009.211,5.13456504404997,--
10.0011,42427.246,5.13456504404997,2.96883352618832E-5
10.00065,41892.123,5.13456504404997,--
9.99785,41181.6565,5.13456504404997,2.64510841180265E-5
10.0002,40598.4295,5.13456504404997,--
9.9994,39967.666,5.13456504404997,2.51600589039128E-5
9.99995,39419.8185,5.13456504404997,--
9.99855,38743.6075,5.13456504404997,2.75001211964221E-5
9.99985,38188.4885,5.13456504404997,--
9.9993,37588.205,5.13456504404997,2.28681939097589E-5
9.9997,36993.797,5.13456504404997,--
10.0018,36279.412,5.13456504404997,2.43030961763765E-5
10.00125,35733.1035,5.13456504404997,--
10.00035,35104.293,5.13456504404997,1.9032631770035E-5
9.9997,34593.3595,5.13456504404997,--
10.00035,33899.8125,5.13456504404997,1.96162032524121E-5
10.0001,33310.5745,5.13456504404997,--
10.0002,32730.706,5.13456504404997,1.66377047407768E-5
9.9988,32161.6035,5.13456504404997,--
10,31465.118,5.13456504404997,1.48191700026537E-5
9.99815,30898.1135,5.13456504404997,--
10.0005,30238.4045,5.13456504404997,1.64335282050394E-5
9.9994,29690.416,5.13456504404997,--
9.99945,29039.375,5.13456504404997,1.43575275683063E-5
10.0004,28474.467,5.13456504404997,--
10.0002,27799.9325,5.13456504404997,1.15933907764997E-5
10.0003,27229.294,5.13456504404997,--
10.00025,26524.5575,5.13456504404997,1.1757175932317E-5
9.9995,25987.757,5.13456504404997,--
10.00055,25327.0665,5.13456504404997,9.10560944642218E-6
10.0011,24763.836,5.13456504404997,--
9.99935,24138.6645,5.13456504404997,9.82374958833392E-6
9.9998,23562.988,5.13456504404997,--
9.99985,22928.166,5.13456504404997,5.64845876078728E-6
10.00015,22337.1115,5.13456504404997,--
10.0001,21711.7965,5.13456504404997,4.93777634491753E-6
10.00065,21155.5595,5.13456504404997,--
9.9983,20444.667,5.13456504404997,4.77042670997617E-6
9.9993,19900.027,5.13456504404997,--
10.00005,19272.615,5.13456504404997,6.22062101300171E-6
9.999,18727.7005,5.13456504404997,--
9.9995,18081.1305,5.13456504404997,-1.04999588349771E-6
9.9992,17530.624,5.13456504404997,--
10.0006,16871.1895,5.13456504404997,3.97114220164106E-6
10.0004,16299.8485,5.13456504404997,--
9.99845,15689.2155,5.13456504404997,-2.61013725089923E-6
9.99995,15126.405,5.13456504404997,--
9.9994,14492.001,5.13456504404997,2.79806474605459E-7
10.00065,13911.292,5.13456504404997,--
10.00045,13282.901,5.13456504404997,-4.29119833855539E-6
9.99965,12728.478,5.13456504404997,--
10.0011,12057.579,5.13456504404997,-3.99307004476883E-6
9.99925,11536.437,5.13456504404997,--
9.99785,10869.313,5.13456504404997,-4.75078345931912E-6
9.9989,10329.0125,5.13456504404997,--
10.0015,9624.9725,5.13456504404997,-6.19635013171839E-6
10.00065,9028.6015,5.13456504404997,--
10.00065,8383.011,5.13456504404997,-6.23441557543211E-6
10.0008,7825.6505,5.13456504404997,--
10.00025,7191.943,5.13456504404997,-7.13123122473468E-6
10,6622.138,5.13456504404997,--
9.9977,5916.977,5.13456504404997,-7.30592028333001E-6
10.0008,5420.022,5.13456504404997,--
9.99955,4662.0025,5.13456504404997,-6.17728224550025E-6
10.00105,4045.9105,5.13456504404997,--
10,3411.2195,5.13456504404997,-7.34547436948822E-6
9.99965,2791.3475,5.13456504404997,--
10.00115,2187.837,5.13456504404997,-8.27284643224945E-6
10.00045,1559.432,5.13456504404997,--
10.0001,873.974,5.13456504404997,-8.91888043245406E-6
10.0009,345.963,5.13456504404997,--
10.00045,-284.965,5.13456504404997,-9.74771640546375E-6
9.99995,-844.716,5.13456504404997,--
9.9989,-1487.668,5.13456504404997,-1.01044939402458E-5
10.0007,-2036.37,5.13456504404997,--
9.99925,-2719.17,5.13456504404997,-1.01087894145864E-5
9.99935,-3266.1915,5.13456504404997,--
9.99945,-3886.763,5.13456504404997,-1.15273920524406E-5
10.0005,-4421.3355,5.13456504404997,--
10.0001,-5042.883,5.13456504404997,-1.09199489843566E-5
10.00125,-5557.1775,5.13456504404997,--
9.9982,-6130.342,5.13456504404997,-1.19760885729191E-5
10.00155,-6642.1205,5.13456504404997,--
10.0011,-7222.4145,5.13456504404997,-1.49740684108493E-5
10.00015,-7750.551,5.13456504404997,--
10.0001,-8325.3905,5.13456504404997,-1.84351610573046E-5
10,-8867.929,5.13456504404997,--
10.0012,-9470.5935,5.13456504404997,-1.7536222278687E-5
10.00085,-10017.046,5.13456504404997,--
9.9931,-10631.037,5.13456504404997,-1.72729546290609E-5
9.99135,-11202.9375,5.13456504404997,--
9.9963,-11847.8295,5.13456504404997,-1.55649583753779E-5
9.99765,-12347.7185,5.13456504404997,--
10.0007,-12976.5295,5.13456504404997,-2.1719480102669E-5
10.00005,-13494.8735,5.13456504404997,--
10.00765,-14147.458,5.13456504404997,-2.29883454257369E-5
10.0025,-14680.7635,5.13456504404997,--
10.0011,-15290.417,5.13456504404997,-1.83848157239373E-5
9.9951,-15836.309,5.13456504404997,--
9.99785,-16457.707,5.13456504404997,-1.93098235383609E-5
9.9983,-16965.846,5.13456504404997,--
9.9995,-17511.5975,5.13456504404997,-2.54742177925673E-5
9.9995,-18088.1105,5.13456504404997,--
9.9999,-18683.6415,5.13456504404997,-2.69137397860546E-5
10.0049,-19256.379,5.13456504404997,--
10.00085,-19824.9205,5.13456504404997,-2.43070936311281E-5
9.9998,-20358.088,5.13456504404997,--
10.0003,-20977.9635,5.13456504404997,-2.74781106289484E-5
10.00015,-21517.9845,5.13456504404997,--
9.99945,-22117.292,5.13456504404997,-3.06635688175691E-5
9.99965,-22662.348,5.13456504404997,--
10.00315,-23269.205,5.13456504404997,-2.85727825744597E-5
10.0027,-23813.6985,5.13456504404997,--
10.00495,-24441.5305,5.13456504404997,-2.90374917752506E-5
10.00095,-24995.3915,5.13456504404997,--
9.9982,-25577.6415,5.13456504404997,-3.52115880185533E-5
10.0011,-26118.7805,5.13456504404997,--
10.00005,-26750.9455,5.13456504404997,-3.31131274514745E-5
10.00025,-27323.545,5.13456504404997,--
9.9989,-27972.7685,5.13456504404997,-3.47559536396398E-5
9.99835,-28552.359,5.13456504404997,--
10.00015,-29134.746,5.13456504404997,-3.801247491452E-5
9.99905,-29685.252,5.13456504404997,--
9.9994,-30280.7835,5.13456504404997,-3.71157361346339E-5
9.9968,-30837.4415,5.13456504404997,--
9.99555,-31436.1875,5.13456504404997,-4.21924443522923E-5
10.015,-31965.16,5.13456504404997,--
10.01425,-32585.1585,5.13456504404997,-4.0433859348935E-5
10.0085,-33141.3985,5.13456504404997,--
10.00425,-33723.3635,5.13456504404997,-4.43596370152938E-5
10.0031,-34274.4295,5.13456504404997,--
9.9876,-34885.9,5.13456504404997,-4.23289752991602E-5
9.98435,-35461.1545,5.13456504404997,--
10.01775,-36095.1365,5.13456504404997,-4.81658568961349E-5
9.9849,-36632.918,5.13456504404997,--
10,-37262.9865,5.13456504404997,-4.86464618205401E-5
9.99615,-37804.961,5.13456504404997,--
9.9945,-38418.1095,5.13456504404997,-5.01220539532607E-5
10.00265,-38955.469,5.13456504404997,--
9.9963,-39563.861,5.13456504404997,-5.17048159720567E-5
9.9979,-40126.252,5.13456504404997,--
9.99875,-40711.4355,5.13456504404997,-5.49170603433763E-5
10.0005,-41240.125,5.13456504404997,--
9.9944,-41923.328,5.13456504404997,-5.33971678499835E-5
9.997,-42512.4255,5.13456504404997,--
9.9995,-43155.9145,5.13456504404997,-5.80413341486508E-5
10.0075,-43694.254,5.13456504404997,--
9.99585,-44383.1895,5.13456504404997,-5.71259354887829E-5
9.99735,-44925.303,5.13456504404997,--
9.9997,-45548.658,5.13456504404997,-6.19551757809454E-5
10.00015,-46073.994,5.13456504404997,--
10.0175,-46689.0975,5.13456504404997,-5.97506963190592E-5
9.99015,-47247.0155,5.13456504404997,--
9.99015,-47856.666,5.13456504404997,-6.41839243767466E-5
9.99855,-48365.223,5.13456504404997,--
9.9929,-49005.916,5.13456504404997,-6.80009217408582E-5
10.00655,-49548.17,5.13456504404997,--
9.9851,-50236.682,5.13456504404997,-6.57456103138848E-5
9.99525,-50766.494,5.13456504404997,--
9.9974,-51366.6365,5.13456504404997,-6.48959549694885E-5
9.99685,-51933.082,5.13456504404997,--
9.999,-52525.115,5.13456504404997,-6.84597752569726E-5
9.99965,-53055.0645,5.13456504404997,--
9.99955,-53693.66,5.13456504404997,-7.03743929887946E-5
9.9977,-54233.3965,5.13456504404997,--
9.99875,-54849.0605,5.13456504404997,-6.97160333429998E-5
9.9999,-55379.1485,5.13456504404997,--
10.01285,-56068.2225,5.13456504404997,-7.05684694252658E-5
9.99585,-56602.508,5.13456504404997,--
9.999,-57211.1815,5.13456504404997,-7.13220817329477E-5
9.9971,-57759.309,5.13456504404997,--
10.0017,-58388.535,5.13456504404997,-7.92776275555829E-5
9.9978,-58950.6465,5.13456504404997,--
10,-59542.119,5.13456504404997,-7.64359083909969E-5
10.0007,-60073.885,5.13456504404997,--
10.00875,-60747.8575,5.13456504404997,-7.353925466667E-5
10.00435,-61290.951,5.13456504404997,--
10.0027,-61912.4905,5.13456504404997,-8.30098079656766E-5
10.0032,-62442.5805,5.13456504404997,--
9.99745,-63054.467,5.13456504404997,-7.86600322901988E-5
9.9929,-63626.084,5.13456504404997,--
9.99655,-64228.324,5.13456504404997,-8.21881627318208E-5
9.9903,-64761.492,5.13456504404997,--
10.01095,-65391.9785,5.13456504404997,-8.54334598537661E-5
10.0061,-65935.629,5.13456504404997,--
10.0031,-66571.152,5.13456504404997,-8.73996286144532E-5
10.00255,-67127.668,5.13456504404997,--
10.00055,-67794.09,5.13456504404997,-8.56692003614456E-5
9.9995,-68328.6525,5.13456504404997,--
10.0016,-68945.574,5.13456504404997,-8.73450535646286E-5
9.99825,-69479.8555,5.13456504404997,--
10.0011,-70114.258,5.13456504404997,-9.03325407789796E-5
9.9994,-70660.57,5.13456504404997,--
10.0003,-71282.387,5.13456504404997,-8.89976238665538E-5
10.0001,-71821.84,5.13456504404997,--
9.99875,-72421.5665,5.13456504404997,-9.38036435672516E-5
9.99955,-72975.707,5.13456504404997,--
10,-73585.496,5.13456504404997,-9.25474982042771E-5
9.9883,-74128.7305,5.13456504404997,--
9.9942,-74762.293,5.13456504404997,-9.37100535298242E-5
9.99575,-75311.8165,5.13456504404997,--
9.99645,-75897.559,5.13456504404997,-9.70166744595911E-5
9.99885,-76428.203,5.13456504404997,--
10.00085,-77058.4105,5.13456504404997,-9.8159258091278E-5
10.001,-77586.965,5.13456504404997,--
10.00005,-78192.418,5.13456504404997,-9.85334916576527E-5
9.9996,-78739.9845,5.13456504404997,--
9.9994,-79327.965,5.13456504404997,-9.96404222449565E-5
9.9987,-79866.164,5.13456504404997,--
9.99925,-80496.2305,5.13456504404997,-1.04060943169524E-4
10.0001,-81009.957,5.13456504404997,--
9.99995,-81634.434,5.13456504404997,-1.04199248201254E-4
9.99885,-82178.082,5.13456504404997,--
10,-82805.7695,5.13456504404997,-1.04300536646018E-4
10.0015,-83313.488,5.13456504404997,--
10.0006,-83956.281,5.13456504404997,-1.08829657228068E-4
10.0004,-84483.5705,5.13456504404997,--
9.9977,-85180.6135,5.13456504404997,-1.09522342950098E-4
9.99985,-85745.5195,5.13456504404997,--
10.00005,-86353.211,5.13456504404997,-1.11627040140491E-4
9.9997,-86896.168,5.13456504404997,--
10.00025,-87520.082,5.13456504404997,-1.09433617636954E-4
10.00135,-88016.7505,5.13456504404997,--
10.00015,-88677.578,5.13456504404997,-1.12304876574638E-4
10,-89256.465,5.13456504404997,--
10.00005,-89876.6055,5.13456504404997,-1.15253375532829E-4
9.99945,-90413.125,5.13456504404997,--
9.9999,-91046.547,5.13456504404997,-1.15082805151081E-4
10.00045,-91598.7305,5.13456504404997,--
10.00005,-92284.168,5.13456504404997,-1.1644900309769E-4
9.99945,-92810.758,5.13456504404997,--
9.9999,-93444.324,5.13456504404997,-1.17497037472447E-4
10.00005,-93985.875,5.13456504404997,--
9.99895,-94583.7775,5.13456504404997,-1.18347823480151E-4
9.9995,-95145.332,5.13456504404997,--
9.99955,-95750.508,5.13456504404997,-1.21382829786548E-4
9.9982,-96288.1485,5.13456504404997,--
9.99965,-96879.758,5.13456504404997,-1.21496388119766E-4
9.999,-97407.332,5.13456504404997,--
10.00175,-98064.5235,5.13456504404997,-1.22837094920467E-4
10.00005,-98625.234,5.13456504404997,--
9.99995,-99281.172,5.13456504404997,-1.24506134695016E-4
10.0017,-99831.3945,5.13456504404997,--
10.01885,-100451.3945,5.13456504404997,-1.25875352958532E-4
10.01265,-101022.871,5.13456504404997,--
10.00635,-101681.883,5.13456504404997,-1.26428284466118E-4
10.00435,-102218.961,5.13456504404997,--
10.00205,-102859.9335,5.13456504404997,-1.27184173688651E-4
10.0013,-103397.715,5.13456504404997,--
10.00015,-104008.203,5.13456504404997,-1.29806301700634E-4
9.99985,-104562.625,5.13456504404997,--
10.0014,-105221.074,5.13456504404997,-1.32543511598281E-4
9.99985,-105781.6485,5.13456504404997,--
9.9982,-106416.465,5.13456504404997,-1.32045548119232E-4
9.99915,-106944.7345,5.13456504404997,--
9.9994,-107545.8595,5.13456504404997,-1.33798019779917E-4
9.99995,-108063.6405,5.13456504404997,--
10.00125,-108689.5155,5.13456504404997,-1.34786827784195E-4
9.99855,-109264.0705,5.13456504404997,--
10.0006,-109889.9375,5.13456504404997,-1.35995553682798E-4
9.99945,-110471.4845,5.13456504404997,--
9.99925,-111108.961,5.13456504404997,-1.36806274455022E-4
9.9994,-111644.223,5.13456504404997,--
10.00105,-112307.9845,5.13456504404997,-1.38192487192901E-4
10.00065,-112852.0625,5.13456504404997,--
10.00005,-113525.613,5.13456504404997,-1.41615601444582E-4
9.99875,-114049.828,5.13456504404997,--
10.0002,-114686.465,5.13456504404997,-1.42480881987262E-4
9.9971,-115264.793,5.13456504404997,--
9.9996,-115891.6405,5.13456504404997,-1.43163513790554E-4
10.00195,-116393.625,5.13456504404997,--
10.0019,-117046.4845,5.13456504404997,-1.45240059305001E-4
10.00065,-117607.1955,5.13456504404997,--
10.0001,-118196.8515,5.13456504404997,-1.47788318877434E-4
9.9993,-118742.7385,5.13456504404997,--
9.99955,-119331.836,5.13456504404997,-1.47296344232064E-4
9.9999,-119885.6955,5.13456504404997,--
10.0022,-120497.3045,5.13456504404997,-1.50935569136625E-4
9.99885,-121061.6485,5.13456504404997,--
10.0013,-121724.152,5.13456504404997,-1.52665627467728E-4
10.00015,-122285.145,5.13456504404997,--
9.998,-122925,5.13456504404997,-1.52476306098958E-4
9.99825,-123464.8755,5.13456504404997,--
10.0026,-124137.3085,5.13456504404997,-1.54651269158444E-4
9.99955,-124681.1015,5.13456504404997,--
10.0008,-125312.1445,5.13456504404997,-1.55750044617546E-4
10.00025,-125846.711,5.13456504404997,--
10.00045,-126475.5195,5.13456504404997,-1.56308373909281E-4
9.99935,-127011.4805,5.13456504404997,--
10.0007,-127615.117,5.13456504404997,-1.57277975036402E-4
9.99945,-128154.293,5.13456504404997,--
10.0008,-128734.164,5.13456504404997,-1.59852537230528E-4
9.99965,-129317.801,5.13456504404997,--
10.0001,-129918.6445,5.13456504404997,-1.61011221878186E-4
9.99955,-130415.594,5.13456504404997,--
9.99845,-131062.0235,5.13456504404997,-1.61712830079999E-4
10.00075,-131578.6875,5.13456504404997,--
9.99965,-132176.164,5.13456504404997,-1.61671930848495E-4
10.001,-132690.039,5.13456504404997,--
9.9992,-133311.0235,5.13456504404997,-1.64718795537792E-4
9.9999,-133850.469,5.13456504404997,--
9.99975,-134514.797,5.13456504404997,-1.64789546477975E-4
9.9995,-135007.9765,5.13456504404997,--
9.9976,-135669.922,5.13456504404997,-1.67047867591075E-4
10.0018,-136166.031,5.13456504404997,--
10.0008,-136750.797,5.13456504404997,-1.6650593288055E-4
10.00005,-137270.3985,5.13456504404997,--
9.99935,-137882.9925,5.13456504404997,-1.70593399149057E-4
9.9981,-138446.6405,5.13456504404997,--
9.99795,-139023.5705,5.13456504404997,-1.70265942136393E-4
10.00035,-139547.133,5.13456504404997,--
10.0022,-139995.727,5.13456504404997,-1.71618851522246E-4
9.9998,-139999,5.13456504404997,--
9.99995,-139999,5.13456504404997,-1.70565344244631E-4
10.0004,-139999,5.13456504404997,--
29.9995,-139699.7815,5.13456504404997,-8.30652571387746E-5
30.00015,-139029.438,5.13456504404997,--
30.0001,-138279.672,5.13456504404997,-8.30858504562546E-5
29.99975,-137696.164,5.13456504404997,--
29.9999,-137005.555,5.13456504404997,-8.18618705278568E-5
30.00035,-136375.211,5.13456504404997,--
30.0001,-135673.8205,5.13456504404997,-8.08303474112019E-5
30.0006,-135017.047,5.13456504404997,--
29.99995,-134336.9215,5.13456504404997,-8.0617621610651E-5
30.00045,-133719.5785,5.13456504404997,--
30.0005,-132998.1955,5.13456504404997,-7.92614326879851E-5
30.00035,-132363.9375,5.13456504404997,--
30.0002,-131694.8595,5.13456504404997,-7.82628421365162E-5
30.0001,-131072.0625,5.13456504404997,--
30.00005,-130369.2815,5.13456504404997,-7.7887971324578E-5
30.00015,-129769,5.13456504404997,--
30.00035,-129014.906,5.13456504404997,-7.79244078212865E-5
30.0002,-128359.2505,5.13456504404997,--
30.0003,-127691.1485,5.13456504404997,-7.73952916901091E-5
29.99985,-127047.0975,5.13456504404997,--
30.0003,-126303.7735,5.13456504404997,-7.70744392633714E-5
29.99995,-125678.5975,5.13456504404997,--
30.0003,-124968.129,5.13456504404997,-7.61793647538648E-5
29.99975,-124362.809,5.13456504404997,--
30.00005,-123687.578,5.13456504404997,-7.51457796214858E-5
30.0005,-123061.711,5.13456504404997,--
29.99975,-122386.34,5.13456504404997,-7.49709139771685E-5
29.9999,-121793.8865,5.13456504404997,--
30.0001,-121069.5745,5.13456504404997,-7.35903994203506E-5
30.00015,-120426.227,5.13456504404997,--
29.99985,-119791.125,5.13456504404997,-7.3262764354129E-5
30.0005,-119176.4375,5.13456504404997,--
29.99995,-118464.7105,5.13456504404997,-7.15672913510697E-5
30,-117844.715,5.13456504404997,--
30.00025,-117136.7655,5.13456504404997,-7.24678550747944E-5
30.00005,-116542.7695,5.13456504404997,--
30.0001,-115821.6755,5.13456504404997,-7.07704417318375E-5
30,-115189.0935,5.13456504404997,--
30.00025,-114476.5275,5.13456504404997,-7.02507660583364E-5
29.99985,-113885.4725,5.13456504404997,--
30.00045,-113144.1015,5.13456504404997,-7.03291458678265E-5
29.9999,-112518.09,5.13456504404997,--
30.0002,-111846.2185,5.13456504404997,-6.85672755606923E-5
30,-111263.973,5.13456504404997,--
30.00005,-110531.9685,5.13456504404997,-6.90676306884928E-5
30.0001,-109879.949,5.13456504404997,--
30.0001,-109171.164,5.13456504404997,-6.86807025056578E-5
30.00035,-108571.16,5.13456504404997,--
29.99975,-107809.9335,5.13456504404997,-6.76862677981771E-5
30.0006,-107129.949,5.13456504404997,--
29.99985,-106399.484,5.13456504404997,-6.57521369328787E-5
30.00015,-105769.418,5.13456504404997,--
30.0001,-105029.586,5.13456504404997,-6.44919589986268E-5
29.9991,-104385.3985,5.13456504404997,--
29.99965,-103634.2425,5.13456504404997,-6.48686251292396E-5
29.9996,-103004.594,5.13456504404997,--
29.9993,-102263.2225,5.13456504404997,-6.52828116907557E-5
29.99945,-101628.6835,5.13456504404997,--
29.9999,-100913.3205,5.13456504404997,-6.37523289775474E-5
29.9995,-100280.879,5.13456504404997,--
29.9997,-99583.977,5.13456504404997,-6.43477107029385E-5
29.99955,-98946.637,5.13456504404997,--
29.9996,-98300.9105,5.13456504404997,-6.28391847098334E-5
29.9996,-97672.66,5.13456504404997,--
29.9999,-96979.3905,5.13456504404997,-6.14864930546764E-5
30,-96355.7575,5.13456504404997,--
30,-95607.957,5.13456504404997,-6.18765226662371E-5
29.99965,-94992.293,5.13456504404997,--
30,-94283.504,5.13456504404997,-5.98076318647706E-5
30.0002,-93634.6995,5.13456504404997,--
29.99955,-92903.535,5.13456504404997,-5.92088018068487E-5
30.0001,-92292.0705,5.13456504404997,--
29.9998,-91559.7895,5.13456504404997,-5.90272246662661E-5
30,-90911.543,5.13456504404997,--
29.99995,-90184.7145,5.13456504404997,-5.83782868666473E-5
29.99875,-89578.5625,5.13456504404997,--
30.00075,-88841.387,5.13456504404997,-5.83482665812689E-5
29.9996,-88235.512,5.13456504404997,--
30,-87577.059,5.13456504404997,-5.72068589076471E-5
30.00005,-87003.621,5.13456504404997,--
30.00025,-86297.0745,5.13456504404997,-5.68723955229592E-5
29.9995,-85638.617,5.13456504404997,--
30.0003,-84931.6485,5.13456504404997,-5.54651883260149E-5
30.00005,-84312.207,5.13456504404997,--
29.99955,-83611.25,5.13456504404997,-5.59326821186681E-5
30.0003,-83005.375,5.13456504404997,--
29.99995,-82299.801,5.13456504404997,-5.31944172298024E-5
29.99975,-81668.1955,5.13456504404997,--
29.9993,-80904.172,5.13456504404997,-5.32420023919873E-5
29.99645,-80273.8245,5.13456504404997,--
29.9891,-79584.4765,5.13456504404997,-5.26677273272366E-5
30.001,-78973.703,5.13456504404997,--
30.0049,-78230.2385,5.13456504404997,-5.07093413469822E-5
30.0011,-77547.457,5.13456504404997,--
30.0021,-76807.766,5.13456504404997,-5.06435428073567E-5
30.001,-76198.395,5.13456504404997,--
30.00055,-75406.961,5.13456504404997,-4.91594940112134E-5
30.00065,-74763.332,5.13456504404997,--
30.0002,-74022.383,5.13456504404997,-4.8964381428566E-5
29.9999,-73428.8125,5.13456504404997,--
30.00025,-72498.953,5.13456504404997,-4.91740333597459E-5
29.99995,-71877.141,5.13456504404997,--
30.0002,-70933.8555,5.13456504404997,-4.74824664815095E-5
30.0001,-70312.3205,5.13456504404997,--
30.00005,-69550.535,5.13456504404997,-4.66410336604056E-5
30,-68928.16,5.13456504404997,--
30,-68172.109,5.13456504404997,-4.55984907525861E-5
29.9999,-67544.9805,5.13456504404997,--
30.0003,-66834.375,5.13456504404997,-4.621187036778E-5
29.9999,-66193.6795,5.13456504404997,--
29.99995,-65543.8945,5.13456504404997,-4.59360448685668E-5
30.0004,-64921.9415,5.13456504404997,--
30.00035,-64187.7015,5.13456504404997,-4.32688907965588E-5
29.99985,-63547.426,5.13456504404997,--
30,-62824.2365,5.13456504404997,-4.35425484216708E-5
30.0001,-62212.344,5.13456504404997,--
29.99985,-61481.1855,5.13456504404997,-4.32889045491327E-5
29.99995,-60863.844,5.13456504404997,--
30.0001,-60159.9475,5.13456504404997,-4.20787027013065E-5
30.0001,-59552.951,5.13456504404997,--
29.9998,-58809.625,5.13456504404997,-4.19511577064771E-5
30.0001,-58158.863,5.13456504404997,--
29.99975,-57434.135,5.13456504404997,-3.95951102165458E-5
29.99995,-56835.1075,5.13456504404997,--
30.00045,-56120.3045,5.13456504404997,-3.8347926001067E-5
29.99995,-55494.4335,5.13456504404997,--
29.99975,-54841.9945,5.13456504404997,-3.8398764390338E-5
30.00005,-54228.848,5.13456504404997,--
30,-53460.7735,5.13456504404997,-3.68122301480629E-5
30.00035,-52810.289,5.13456504404997,--
30,-52132.8205,5.13456504404997,-3.56060648925683E-5
30.0003,-51521.074,5.13456504404997,--
30.00025,-50780.963,5.13456504404997,-3.59938332689404E-5
30.0004,-50162.7795,5.13456504404997,--
29.99965,-49476.2225,5.13456504404997,-3.5666761656087E-5
29.99975,-48853.008,5.13456504404997,--
30.0003,-48136.8085,5.13456504404997,-3.44423649017999E-5
29.9998,-47488.1445,5.13456504404997,--
30.00015,-46709.4395,5.13456504404997,-3.37411507776502E-5
30.00025,-46124.26,5.13456504404997,--
30,-45441.477,5.13456504404997,-3.30049802160748E-5
30.00015,-44835.6,5.13456504404997,--
29.99995,-44191.832,5.13456504404997,-3.059192491199E-5
30.0003,-43550.1585,5.13456504404997,--
30.0001,-42811.865,5.13456504404997,-3.10269863268968E-5
29.9999,-42169.4945,5.13456504404997,--
30.00005,-41486.711,5.13456504404997,-3.09487183888316E-5
30.00115,-40883.072,5.13456504404997,--
29.9992,-40097.377,5.13456504404997,-2.96168998543658E-5
30.00045,-39460.877,5.13456504404997,--
29.99955,-38574.9235,5.13456504404997,-3.06324193649533E-5
29.99965,-37957.4415,5.13456504404997,--
30.00005,-37071.631,5.13456504404997,-2.99290643554904E-5
30.00005,-36459.32,5.13456504404997,--
30.00025,-35799.1935,5.13456504404997,-2.72775690522546E-5
29.99985,-35163.951,5.13456504404997,--
30.0001,-34432.369,5.13456504404997,-2.59998099244002E-5
30,-33819.082,5.13456504404997,--
30.00005,-33078.551,5.13456504404997,-2.81013682820662E-5
30.00005,-32445.2655,5.13456504404997,--
29.9996,-31675.091,5.13456504404997,-2.46179055523666E-5
30.0005,-31055.79,5.13456504404997,--
30,-30268.6985,5.13456504404997,-2.38187373388829E-5
29.9999,-29639.4695,5.13456504404997,--
30.0004,-28906.7665,5.13456504404997,-2.27347133310741E-5
29.9997,-28236.009,5.13456504404997,--
29.99995,-27532.8115,5.13456504404997,-2.1503345169172E-5
30.0002,-26888.623,5.13456504404997,--
29.9999,-26123.7585,5.13456504404997,-2.32431529073357E-5
30.0002,-25484.464,5.13456504404997,--
30.00015,-24740.994,5.13456504404997,-2.31462579961269E-5
29.99995,-24148.821,5.13456504404997,--
30.0001,-23410.5265,5.13456504404997,-2.03634917649511E-5
30.00025,-22763.958,5.13456504404997,--
29.99955,-22091.243,5.13456504404997,-2.02865163990475E-5
30.00045,-21473.62,5.13456504404997,--
29.99995,-20763.289,5.13456504404997,-2.02597217259619E-5
30.00005,-20134.338,5.13456504404997,--
29.99995,-19371.2895,5.13456504404997,-1.94075955858683E-5
29.99995,-18742.0575,5.13456504404997,--
30.0001,-18048.785,5.13456504404997,-1.93719331889018E-5
30.0003,-17420.8125,5.13456504404997,--
29.9992,-16735.511,5.13456504404997,-1.92986229862291E-5
30.00055,-16091.598,5.13456504404997,--
29.99995,-15387.1405,5.13456504404997,-1.80386994940464E-5
29.99985,-14757.211,5.13456504404997,--
29.9998,-14052.615,5.13456504404997,-1.70520837974158E-5
29.9998,-13438.626,5.13456504404997,--
30.00015,-12669.9845,5.13456504404997,-1.81274278134285E-5
29.99995,-12054.5985,5.13456504404997,--
29.99995,-11337.834,5.13456504404997,-1.6458730494529E-5
30,-10717.833,5.13456504404997,--
29.9997,-10039.9415,5.13456504404997,-1.66458785763279E-5
29.9998,-9382.464,5.13456504404997,--
30.00015,-8428.41,5.13456504404997,-1.59781449267191E-5
30.00005,-7819.7345,5.13456504404997,--
30.0003,-6956.0075,5.13456504404997,-1.45570368160093E-5
30.0004,-6264.968,5.13456504404997,--
30.00015,-5511.9855,5.13456504404997,-1.52685552471956E-5
30,-4929.4545,5.13456504404997,--
30.00065,-4183.878,5.13456504404997,-1.52114375813269E-5
29.9996,-3514.0905,5.13456504404997,--
29.99975,-2839.547,5.13456504404997,-1.46321598599166E-5
30.00045,-2161.2245,5.13456504404997,--
29.9996,-1479.125,5.13456504404997,-1.43198316024853E-5
30.00065,-806.39,5.13456504404997,--
30,-118.6925,5.13456504404997,-1.18944822380768E-5
29.9997,520.765,5.13456504404997,--
29.9999,1250.414,5.13456504404997,-1.47059589462033E-5
30.00035,1891.8275,5.13456504404997,--
29.99905,2572.3875,5.13456504404997,-1.47073961564642E-5
30.00055,3175.2035,5.13456504404997,--
29.9992,3884.147,5.13456504404997,-1.50794455282057E-5
29.9999,4447.9455,5.13456504404997,--
29.99985,5034.534,5.13456504404997,-1.50352226155612E-5
30.00005,5583.647,5.13456504404997,--
30.00005,6270.774,5.13456504404997,-1.40095113841942E-5
29.99985,6874.2795,5.13456504404997,--
29.9999,7514.699,5.13456504404997,-1.51338522557386E-5
30.0001,8099.1875,5.13456504404997,--
30,8850.351,5.13456504404997,-1.3570588586405E-5
29.99995,9398.2025,5.13456504404997,--
30.0002,10051.6245,5.13456504404997,-1.30754310477127E-5
29.9997,10645.339,5.13456504404997,--
30.00025,11367.278,5.13456504404997,-1.40933939338709E-5
30,11970.6395,5.13456504404997,--
30,12665.3095,5.13456504404997,-1.43001612766542E-5
29.99995,13234.2745,5.13456504404997,--
30.0001,13894.686,5.13456504404997,-1.36296522842976E-5
29.99995,14465.189,5.13456504404997,--
29.99985,15177.7555,5.13456504404997,-1.53152811529696E-5
30,15759.1625,5.13456504404997,--
30.0001,16447.8195,5.13456504404997,-1.10888951907451E-5
30.00025,17041.531,5.13456504404997,--
29.99985,17713.967,5.13456504404997,-1.49811339818496E-5
30.00005,18286.008,5.13456504404997,--
30.00005,18974.5225,5.13456504404997,-1.55051473191635E-5
30.0002,19576.905,5.13456504404997,--
29.99975,20259.6875,5.13456504404997,-1.08627654638772E-5
29.99985,20840.6925,5.13456504404997,--
30.0001,21501.667,5.13456504404997,-1.05843746803237E-5
30.00015,22111.8805,5.13456504404997,--
30.00015,22832.5595,5.13456504404997,-1.149787730483E-5
30.0001,23451.864,5.13456504404997,--
30,24153.246,5.13456504404997,-1.1136020859264E-5
30,24765.6965,5.13456504404997,--
30.00035,25432.681,5.13456504404997,-9.68984626779562E-6
29.9997,26032.265,5.13456504404997,--
30.00035,26795.173,5.13456504404997,-1.32932897093956E-5
29.99985,27429.717,5.13456504404997,--
30.0001,28176.68,5.13456504404997,-8.93852921552333E-6
30.00015,28754.452,5.13456504404997,--
30,29459.749,5.13456504404997,-7.1710696709487E-6
29.9999,30073.317,5.13456504404997,--
29.99955,30819.7255,5.13456504404997,-9.21632592152833E-6
29.9995,31444.758,5.13456504404997,--
30.00015,32071.6095,5.13456504404997,-9.79514441439401E-6
29.99965,32670.3575,5.13456504404997,--
29.99995,33362.508,5.13456504404997,-7.27939835983851E-6
30.00005,33941.1175,5.13456504404997,--
29.99975,34649.631,5.13456504404997,-8.4300813899922E-6
29.9998,35237.6095,5.13456504404997,--
30.0002,35872.4315,5.13456504404997,-8.23476504895748E-6
30.0002,36421.537,5.13456504404997,--
29.99995,37152.703,5.13456504404997,-4.09350386282447E-6
30.00035,37740.6795,5.13456504404997,--
29.99975,38408.221,5.13456504404997,-5.59022317202591E-6
29.99995,38970.1915,5.13456504404997,--
30.00005,39648.9195,5.13456504404997,-7.01121173500954E-6
30,40238.996,5.13456504404997,--
29.9999,40949.6055,5.13456504404997,-4.77552211175436E-6
29.9999,41544.295,5.13456504404997,--
29.99995,42217.2895,5.13456504404997,-5.28688321127157E-6
30.00025,42838.1265,5.13456504404997,--
29.9999,43556.2835,5.13456504404997,-3.21337418747802E-6
29.9998,44118.535,5.13456504404997,--
30.00025,44833.4785,5.13456504404997,-2.5059752762846E-6
29.99985,45428.3085,5.13456504404997,--
29.99935,46085.6385,5.13456504404997,-2.46010712540805E-6
30.00025,46695.5745,5.13456504404997,--
29.99935,47365.9085,5.13456504404997,3.32194072706483E-7
30.00005,47951.6505,5.13456504404997,--
29.99995,48639.465,5.13456504404997,-3.53272248611419E-6
29.99965,49215.697,5.13456504404997,--
29.99995,49897.922,5.13456504404997,-1.3431577781958E-6
30.00015,50476.8105,5.13456504404997,--
29.99985,51162.529,5.13456504404997,-1.73780149941194E-7
29.9999,51766.586,5.13456504404997,--
29.99985,52490.6195,5.13456504404997,1.63718325593923E-6
30.00005,53112.994,5.13456504404997,--
30.00005,53778.1565,5.13456504404997,4.58115970570917E-6
30.00005,54351.3145,5.13456504404997,--
30.00005,55075.2055,5.13456504404997,3.35386558624467E-6
30.0002,55684.857,5.13456504404997,--
29.99975,56348.482,5.13456504404997,2.71781871969443E-7
30.0001,56948.4845,5.13456504404997,--
30.00105,57676.8515,5.13456504404997,9.65008520394173E-7
29.99935,58268.465,5.13456504404997,--
30.0002,58972.08,5.13456504404997,4.2984163488584E-6
30.0001,59522.8655,5.13456504404997,--
29.99995,60182.7145,5.13456504404997,2.37637626895624E-6
29.9999,60791.8085,5.13456504404997,--
30.0002,61479.344,5.13456504404997,6.62540222007293E-6
29.99995,62066.203,5.13456504404997,--
30.00015,62757.096,5.13456504404997,4.65515283959057E-6
29.9999,63358.496,5.13456504404997,--
30.00055,64017.3675,5.13456504404997,6.40110427762577E-6
30.0001,64608.703,5.13456504404997,--
30,65286.867,5.13456504404997,4.58435870458328E-6
30,65885.055,5.13456504404997,--
30.00045,66573.5705,5.13456504404997,4.25792243343204E-6
30,67210.629,5.13456504404997,--
29.9999,67946.961,5.13456504404997,8.37533897281295E-6
30.0002,68558.152,5.13456504404997,--
29.9998,69297.844,5.13456504404997,9.1703480945377E-6
29.99975,69896.172,5.13456504404997,--
29.99975,70578.25,5.13456504404997,6.80452335047673E-6
30.0003,71189.3045,5.13456504404997,--
30.00005,71881.59,5.13456504404997,1.06167215648001E-5
30.0002,72466.0745,5.13456504404997,--
29.99985,73146.7615,5.13456504404997,9.24926037872266E-6
30.0003,73756.6875,5.13456504404997,--
30.00005,74480.0195,5.13456504404997,1.10859462432091E-5
30,75075.129,5.13456504404997,--
30.00045,75848.6605,5.13456504404997,1.01643275696975E-5
30.00015,76432.4415,5.13456504404997,--
29.9999,77129.0665,5.13456504404997,1.09337913245737E-5
30.0001,77757.316,5.13456504404997,--
30.0003,78471.1365,5.13456504404997,1.07594387736522E-5
29.99885,79108.617,5.13456504404997,--
29.99935,79796.8475,5.13456504404997,1.21796931813591E-5
29.9996,80406.082,5.13456504404997,--
29.9996,81075.02,5.13456504404997,1.27655289054841E-5
30.0001,81682.5705,5.13456504404997,--
29.99995,82380.3165,5.13456504404997,1.16481900745044E-5
29.99965,83024.2265,5.13456504404997,--
29.9998,83724.0665,5.13456504404997,1.33854614631802E-5
30.0002,84323.5075,5.13456504404997,--
29.99985,84999.438,5.13456504404997,1.25602903301986E-5
30.0002,85563.645,5.13456504404997,--
30.0002,86238.7345,5.13456504404997,1.4689512743274E-5
29.99995,86844.473,5.13456504404997,--
30.00005,87533.965,5.13456504404997,1.53194596886342E-5
30.00005,88125.0195,5.13456504404997,--
30.0002,88804.8635,5.13456504404997,1.7816505461105E-5
29.99995,89417.168,5.13456504404997,--
30.00025,90098.6915,5.13456504404997,1.68917834472811E-5
29.9999,90684.152,5.13456504404997,--
30.00005,91446.6365,5.13456504404997,1.76836571890434E-5
30.0001,92055.031,5.13456504404997,--
30.0002,92716.695,5.13456504404997,1.79697907903227E-5
29.99995,93334.7345,5.13456504404997,--
30,94054.434,5.13456504404997,1.88575728996391E-5
29.99975,94642.5465,5.13456504404997,--
29.9999,95303.7965,5.13456504404997,1.81391897306761E-5
29.9999,95871.082,5.13456504404997,--
30.0001,96592.3165,5.13456504404997,1.9521937402982E-5
29.9999,97258.1755,5.13456504404997,--
29.99995,97984.168,5.13456504404997,2.0185942581821E-5
30.0001,98597.7305,5.13456504404997,--
29.99995,99259.6795,5.13456504404997,2.06843859020885E-5
29.9998,99880.379,5.13456504404997,--
30.0001,100597.2775,5.13456504404997,2.22089128316342E-5
29.9999,101221.051,5.13456504404997,--
29.99955,101920.332,5.13456504404997,2.22008957625769E-5
30.0006,102535.8555,5.13456504404997,--
29.9999,103160.047,5.13456504404997,2.39087445248619E-5
30.0001,103767.043,5.13456504404997,--
29.99995,104496.9455,5.13456504404997,2.39913381309441E-5
30.0001,105098.7655,5.13456504404997,--
30,105836.2225,5.13456504404997,2.46403309431617E-5
30.00005,106374.2775,5.13456504404997,--
30.00005,107054.6835,5.13456504404997,2.35093558289003E-5
29.9996,107650.492,5.13456504404997,--
30.00035,108334.672,5.13456504404997,2.4127522800137E-5
30.0002,108949.0785,5.13456504404997,--
30.00015,109683.035,5.13456504404997,2.4550469717784E-5
30.00015,110370.1485,5.13456504404997,--
29.99985,111105.6445,5.13456504404997,2.46940210863135E-5
30.00015,111720.051,5.13456504404997,--
29.99995,112412.625,5.13456504404997,2.42116736437881E-5
30,113000.6015,5.13456504404997,--
29.9996,113666.039,5.13456504404997,2.59199254611497E-5
30.00035,114279.8865,5.13456504404997,--
29.9999,114964.7695,5.13456504404997,2.60117752115276E-5
30.00005,115571.8985,5.13456504404997,--
30.0001,116295.7895,5.13456504404997,2.80651216970706E-5
30.0001,116881.25,5.13456504404997,--
29.99995,117617.7265,5.13456504404997,2.76391414207338E-5
29.9998,118201.508,5.13456504404997,--
29.9999,118845.418,5.13456504404997,2.67605065184118E-5
30.0003,119433.953,5.13456504404997,--
30,120185.1095,5.13456504404997,2.85267616318014E-5
30.0002,120828.461,5.13456504404997,--
30,121547.5975,5.13456504404997,2.84768079098274E-5
30.00005,122135.711,5.13456504404997,--
30.00015,122815.1405,5.13456504404997,2.92994323808715E-5
30.0002,123402.977,5.13456504404997,--
29.9997,124147.699,5.13456504404997,2.87436637858049E-5
30.00005,124748.117,5.13456504404997,--
30.0015,125464.8825,5.13456504404997,2.93050586300806E-5
29.999,126125.1485,5.13456504404997,--
30.00045,126777.5895,5.13456504404997,3.10603241586898E-5
29.9999,127326.836,5.13456504404997,--
30,128061.3475,5.13456504404997,3.0515960891256E-5
30,128656.879,5.13456504404997,--
30.0001,129328.332,5.13456504404997,2.9844038646175E-5
29.9996,129929.176,5.13456504404997,--
30.0002,130626.359,5.13456504404997,2.97852614776757E-5
29.99955,131206.3675,5.13456504404997,--
30.0003,131944.5235,5.13456504404997,3.20921645074955E-5
30,132513.2035,5.13456504404997,--
29.99995,133139.07,5.13456504404997,3.22220944727018E-5
30.00005,133745.086,5.13456504404997,--
30.0002,134409.414,5.13456504404997,3.40440025843086E-5
29.99955,135019.6255,5.13456504404997,--
30.00005,135695.969,5.13456504404997,3.31333541114465E-5
29.99975,136284.7965,5.13456504404997,--
30.00025,136959.1795,5.13456504404997,3.37430411029787E-5
30.00005,137502.9765,5.13456504404997,--
29.99995,138226.586,5.13456504404997,3.23066308468912E-5
29.99995,138807.2965,5.13456504404997,--
30.00005,139494.4375,5.13456504404997,3.31962993844203E-5
29.99965,139972.297,5.13456504404997,--
30,140001.234,5.13456504404997,3.53649301712432E-5
30.00045,140001.234,5.13456504404997,--
49.9996,139710.039,5.13456504404997,-7.62676703388681E-5
50.00015,139041.6485,5.13456504404997,--
50.00105,138297.4845,5.13456504404997,-7.58688540501961E-5
49.9999,137693.141,5.13456504404997,--
50,136967.43,5.13456504404997,-7.52367843612118E-5
50.00015,136376.5155,5.13456504404997,--
50.0001,135651.922,5.13456504404997,-7.51519009070434E-5
49.9999,134972.9145,5.13456504404997,--
50.00035,134186.383,5.13456504404997,-7.41225138635292E-5
49.99995,133578.9685,5.13456504404997,--
50.0003,132784.0315,5.13456504404997,-7.43755771586687E-5
50.00115,132141.5235,5.13456504404997,--
49.9995,131441.125,5.13456504404997,-7.39427752613096E-5
50.00025,130865.4495,5.13456504404997,--
50.00045,130121.9805,5.13456504404997,-7.43904686318232E-5
49.9999,129487.8595,5.13456504404997,--
50.00045,128744.3905,5.13456504404997,-7.25186518448643E-5
50.0002,128090.133,5.13456504404997,--
50.00015,127304.996,5.13456504404997,-7.31420899240718E-5
50.00025,126653.676,5.13456504404997,--
50.0003,125975.508,5.13456504404997,-7.17119377792261E-5
50,125299.016,5.13456504404997,--
50.0003,124589.109,5.13456504404997,-7.30767129548116E-5
50.00005,123940.0235,5.13456504404997,--
49.9994,123125.5275,5.13456504404997,-7.04912033689462E-5
50.00035,122502.168,5.13456504404997,--
49.9998,121753.8085,5.13456504404997,-7.02569955564678E-5
50.00035,121090.6015,5.13456504404997,--
50.00045,120376.922,5.13456504404997,-7.07001496731229E-5
50.0002,119752.0275,5.13456504404997,--
50.00025,119010.797,5.13456504404997,-6.95175392413842E-5
49.9999,118417.086,5.13456504404997,--
50.00035,117743.668,5.13456504404997,-6.91240632307173E-5
50.0002,117135.695,5.13456504404997,--
49.9997,116437.535,5.13456504404997,-6.81370110695735E-5
49.99985,115806.4885,5.13456504404997,--
50.0003,115096.0195,5.13456504404997,-6.71439178677949E-5
50.00025,114453.9295,5.13456504404997,--
50.0001,113698.578,5.13456504404997,-6.79159086590164E-5
50,113029.6365,5.13456504404997,--
49.9999,112326.7225,5.13456504404997,-6.55513818480679E-5
49.9998,111682.1135,5.13456504404997,--
49.99955,110962.418,5.13456504404997,-6.77793868177998E-5
50.0002,110263.6955,5.13456504404997,--
50.0002,109543.5785,5.13456504404997,-6.56358107958805E-5
50.0003,108868.488,5.13456504404997,--
50.00015,108155.922,5.13456504404997,-6.53656426445494E-5
50.0002,107540.957,5.13456504404997,--
50.0002,106894.5275,5.13456504404997,-6.35660645750692E-5
49.99975,106318.578,5.13456504404997,--
50.0002,105343.6915,5.13456504404997,-6.29913879005925E-5
50.0001,104724.254,5.13456504404997,--
50.0004,103872.559,5.13456504404997,-6.3173623231042E-5
50.00035,103249.4845,5.13456504404997,--
50.00015,102504.344,5.13456504404997,-6.23697593423946E-5
50.00005,101893.293,5.13456504404997,--
50.00035,101148.703,5.13456504404997,-6.13303416561632E-5
50.00005,100525.215,5.13456504404997,--
50.0001,99781.1835,5.13456504404997,-6.10962997877447E-5
49.99995,99149.0195,5.13456504404997,--
50,98513.918,5.13456504404997,-6.35945954677214E-5
49.9999,97888.8865,5.13456504404997,--
50.0003,97130.879,5.13456504404997,-6.05297636657337E-5
50.00005,96511.4375,5.13456504404997,--
50.0002,95819.711,5.13456504404997,-5.99470367962175E-5
50.00015,95196.914,5.13456504404997,--
49.99975,94505.32,5.13456504404997,-6.08068807740392E-5
49.99995,93875.8165,5.13456504404997,--
50.0003,93191.637,5.13456504404997,-6.00380272634899E-5
49.9998,92554.996,5.13456504404997,--
50.00015,91778.113,5.13456504404997,-5.95081901649062E-5
49.99955,91127.215,5.13456504404997,--
49.9999,90428.91,5.13456504404997,-5.70183353110495E-5
50.0002,89811.0075,5.13456504404997,--
49.9995,89023.0745,5.13456504404997,-5.95954008631833E-5
49.9998,88449.3595,5.13456504404997,--
50.0002,87710.922,5.13456504404997,-5.65997877142581E-5
50.0003,87087.5705,5.13456504404997,--
50,86369.6915,5.13456504404997,-5.76207719808799E-5
50.0002,85718.5115,5.13456504404997,--
50.0003,85030.137,5.13456504404997,-5.65370267193751E-5
50.0002,84414.891,5.13456504404997,--
50.00025,83696.316,5.13456504404997,-5.62939326956818E-5
49.9998,83060.9375,5.13456504404997,--
49.99975,82347.953,5.13456504404997,-5.63809404084262E-5
50.0003,81715.6485,5.13456504404997,--
49.99995,80998.051,5.13456504404997,-5.54835757443607E-5
50,80360.293,5.13456504404997,--
50.00005,79671.637,5.13456504404997,-5.58482251358814E-5
50.0002,79059.051,5.13456504404997,--
50.0003,78300.1995,5.13456504404997,-5.5823424864777E-5
50,77667.477,5.13456504404997,--
50.0001,76997.5625,5.13456504404997,-5.39240148204906E-5
50.0002,76383.8515,5.13456504404997,--
50.00005,75653.254,5.13456504404997,-5.38907938344932E-5
49.9999,74994.801,5.13456504404997,--
50,74272.7265,5.13456504404997,-5.4396230039151E-5
49.9999,73692.297,5.13456504404997,--
50.00035,72993.578,5.13456504404997,-5.51466277980576E-5
50.00015,72374.1405,5.13456504404997,--
50.0001,71661.0155,5.13456504404997,-5.14846734458284E-5
49.99995,71044.2345,5.13456504404997,--
49.9998,70335.0235,5.13456504404997,-5.21375981348871E-5
50.0001,69672.793,5.13456504404997,--
50.0001,68949.883,5.13456504404997,-5.26462862855444E-5
49.99945,68328.629,5.13456504404997,--
50.00045,67568.1015,5.13456504404997,-5.11883170596617E-5
50.0004,66951.875,5.13456504404997,--
49.9998,66290.7695,5.13456504404997,-5.11670490739344E-5
50,65656.7855,5.13456504404997,--
50.0005,64939.7485,5.13456504404997,-4.98653413051999E-5
49.99955,64300.174,5.13456504404997,--
50.0001,63600.332,5.13456504404997,-5.0388025081736E-5
50.00005,62975.8595,5.13456504404997,--
50.00015,62274.3415,5.13456504404997,-4.92473850627174E-5
50.0003,61665.3885,5.13456504404997,--
50.0002,60950.025,5.13456504404997,-5.02449250406659E-5
50,60340.0935,5.13456504404997,--
49.99985,59616.623,5.13456504404997,-4.96555948165616E-5
50.00065,58980.965,5.13456504404997,--
49.9995,58278.465,5.13456504404997,-4.72850393091448E-5
50.0002,57629.664,5.13456504404997,--
50.00015,56913.043,5.13456504404997,-4.64598841599834E-5
50,56246.2035,5.13456504404997,--
49.99995,55576.1445,5.13456504404997,-4.83616250472831E-5
50,54949.434,5.13456504404997,--
50.00005,54241.4825,5.13456504404997,-4.80260290735893E-5
50.0003,53586.8065,5.13456504404997,--
49.9995,52821.9455,5.13456504404997,-4.68646784662534E-5
50.00065,52252.2835,5.13456504404997,--
49.99975,51512.3145,5.13456504404997,-4.35993359980343E-5
49.9998,50894.6935,5.13456504404997,--
50.00025,50180.0295,5.13456504404997,-4.51437499661942E-5
50.00005,49541.992,5.13456504404997,--
49.9999,48827.33,5.13456504404997,-4.35853415763258E-5
50.00005,48155.4535,5.13456504404997,--
49.99975,47416.461,5.13456504404997,-4.57731340185984E-5
49.99945,46789.1895,5.13456504404997,--
50.00035,46102.074,5.13456504404997,-4.39720066385178E-5
49.99955,45447.8165,5.13456504404997,--
49.99985,44763.5,5.13456504404997,-4.37174649223359E-5
50.00025,44132.871,5.13456504404997,--
49.9999,43363.1195,5.13456504404997,-4.56256749648935E-5
50.00005,42755.4255,5.13456504404997,--
50.00005,41969.869,5.13456504404997,-4.35228323944465E-5
49.99995,41388.041,5.13456504404997,--
50.0003,40635.625,5.13456504404997,-4.35414944675029E-5
49.9999,39996.1895,5.13456504404997,--
50,39366.2615,5.13456504404997,-4.26313010598995E-5
50.0001,38750.459,5.13456504404997,--
50.0001,38002.096,5.13456504404997,-4.1952709946106E-5
49.99995,37322.1115,5.13456504404997,--
49.9996,36586.8945,5.13456504404997,-4.14341694572813E-5
50.0002,35975.283,5.13456504404997,--
49.99985,35227.7635,5.13456504404997,-4.03470157258828E-5
50.00025,34413.961,5.13456504404997,--
50.00005,33735.793,5.13456504404997,-4.2404489359364E-5
50.0001,32897.24,5.13456504404997,--
49.99995,32172.9285,5.13456504404997,-4.22679946061128E-5
49.9996,31348.6415,5.13456504404997,--
50.0001,30618.318,5.13456504404997,-3.87654493077182E-5
49.99985,29835.556,5.13456504404997,--
50,29101.038,5.13456504404997,-3.82884726018172E-5
50,28487.1915,5.13456504404997,--
49.9998,27825.9415,5.13456504404997,-3.76059545487995E-5
50,27223,5.13456504404997,--
49.99995,26478.134,5.13456504404997,-3.73557281269087E-5
50.0003,25811.571,5.13456504404997,--
49.9999,25090.754,5.13456504404997,-3.63865390039158E-5
50.0002,24476.0685,5.13456504404997,--
50,23766.2975,5.13456504404997,-3.77142767160677E-5
50.00025,23138.329,5.13456504404997,--
49.9997,22353.61,5.13456504404997,-3.50317175762995E-5
49.9997,21720.0455,5.13456504404997,--
50.0002,20958.6795,5.13456504404997,-3.39786198793477E-5
49.9999,20309.17,5.13456504404997,--
50,19600.9325,5.13456504404997,-3.48998047107215E-5
50.0001,18928.9125,5.13456504404997,--
50.0001,18199.2865,5.13456504404997,-3.48968413533113E-5
50.0003,17548.1005,5.13456504404997,--
49.99995,16804.7705,5.13456504404997,-3.39977104248347E-5
49.9999,16183.512,5.13456504404997,--
50.0004,15423.121,5.13456504404997,-3.36795192593454E-5
50.00015,14529.4735,5.13456504404997,--
49.9999,13766.8475,5.13456504404997,-3.39585799660835E-5
50.0003,12891.939,5.13456504404997,--
49.99985,12173.077,5.13456504404997,-3.01236598272566E-5
50.00005,11468.4795,5.13456504404997,--
50.0004,10778.143,5.13456504404997,-3.15694343477633E-5
49.99995,10106.125,5.13456504404997,--
49.99985,9350.7675,5.13456504404997,-2.83284956039093E-5
49.9997,8719.297,5.13456504404997,--
50,7977.7835,5.13456504404997,-3.05052420246923E-5
50,7327.0185,5.13456504404997,--
49.99985,6657.0955,5.13456504404997,-3.02004124386053E-5
50.00025,5977.1025,5.13456504404997,--
50.00015,5193.496,5.13456504404997,-2.78021607934356E-5
50.00035,4565.239,5.13456504404997,--
50.00025,3801.3455,5.13456504404997,-2.9066839049424E-5
49.99965,3150.155,5.13456504404997,--
50.0002,2195.106,5.13456504404997,-2.71595930824347E-5
49.99955,1659.832,5.13456504404997,--
50.0008,682.402,5.13456504404997,-2.62638522373823E-5
50.0002,54.8315,5.13456504404997,--
49.99955,-844.157,5.13456504404997,-2.53663489945409E-5
50.0005,-1457.7445,5.13456504404997,--
49.99905,-2416.714,5.13456504404997,-2.59053459868622E-5
50.0001,-3011.1395,5.13456504404997,--
49.99935,-3748.7495,5.13456504404997,-2.54841792526305E-5
49.9998,-4319.539,5.13456504404997,--
50.00025,-4981.2175,5.13456504404997,-2.32442574078234E-5
49.9992,-5578.154,5.13456504404997,--
50.0003,-6233.5385,5.13456504404997,-2.35213127714864E-5
50.00025,-6808.659,5.13456504404997,--
50.0002,-7452.7135,5.13456504404997,-2.45328839082417E-5
50.00045,-8116.3465,5.13456504404997,--
49.9995,-8970.9835,5.13456504404997,-2.4165448523806E-5
49.99945,-9541.6285,5.13456504404997,--
50,-10370.116,5.13456504404997,-2.30386621555679E-5
49.9999,-11037.381,5.13456504404997,--
49.99955,-11712.056,5.13456504404997,-2.1818476364614E-5
50,-12265.6385,5.13456504404997,--
50.0002,-13040.7105,5.13456504404997,-2.22051758221433E-5
49.9999,-13631.4885,5.13456504404997,--
50.0001,-14300.012,5.13456504404997,-2.25132128161911E-5
49.9998,-14865.059,5.13456504404997,--
50.00005,-15593.7065,5.13456504404997,-2.0948600321026E-5
50.0002,-16227.5515,5.13456504404997,--
50.00045,-16942.4945,5.13456504404997,-2.12807543818822E-5
50.00005,-17550.8885,5.13456504404997,--
50.00015,-18466.627,5.13456504404997,-1.93082007270597E-5
50.00015,-19095.5755,5.13456504404997,--
50.0002,-19751.7915,5.13456504404997,-2.14531157713481E-5
50.00025,-20349.278,5.13456504404997,--
50,-21316.211,5.13456504404997,-1.92092301029348E-5
50.00005,-21892.4485,5.13456504404997,--
49.99975,-22609.3515,5.13456504404997,-2.23457033489526E-5
50.00045,-23230.191,5.13456504404997,--
50.00005,-23947.376,5.13456504404997,-2.04361217362477E-5
49.99975,-24585.6935,5.13456504404997,--
50.00015,-25292.8085,5.13456504404997,-1.78986108902812E-5
50.0001,-25902.323,5.13456504404997,--
50.00015,-26620.7645,5.13456504404997,-2.01072850231616E-5
49.9997,-27209.8635,5.13456504404997,--
49.99995,-27902.4335,5.13456504404997,-1.86154127867497E-5
49.9999,-28524.8125,5.13456504404997,--
50.0007,-29178.9335,5.13456504404997,-1.41562239554881E-5
49.99965,-29798.512,5.13456504404997,--
49.99985,-30475.1435,5.13456504404997,-1.6799915406384E-5
50.0001,-31048.7195,5.13456504404997,--
50.0001,-31792.0505,5.13456504404997,-1.66364336922469E-5
50.0004,-32390.797,5.13456504404997,--
49.99985,-33124.338,5.13456504404997,-1.93224253186349E-5
50.00005,-33731.1935,5.13456504404997,--
50.00025,-34459.703,5.13456504404997,-1.39996437275224E-5
50.00035,-35072.1485,5.13456504404997,--
50.00005,-35823.311,5.13456504404997,-1.53303253762157E-5
50.00025,-36428.486,5.13456504404997,--
50.00015,-37175.0315,5.13456504404997,-1.57700364192694E-5
49.9999,-37792.6545,5.13456504404997,--
50.00005,-38498.369,5.13456504404997,-1.4144799736288E-5
50.0002,-39114.172,5.13456504404997,--
49.99985,-39814.2945,5.13456504404997,-1.38316953438416E-5
49.9999,-40409.1255,5.13456504404997,--
50.00015,-41081.281,5.13456504404997,-1.53318990116332E-5
50.0001,-41691.492,5.13456504404997,--
50.00035,-42394.969,5.13456504404997,-1.33986291826073E-5
50.0001,-43001.9645,5.13456504404997,--
49.9998,-43659.0175,5.13456504404997,-1.25405877334225E-5
50.00035,-44273.006,5.13456504404997,--
50.0002,-45010.1815,5.13456504404997,-1.22638790523621E-5
50.00015,-45633.2555,5.13456504404997,--
50.0001,-46330.578,5.13456504404997,-1.61280464780585E-5
50.0006,-46919.117,5.13456504404997,--
49.99985,-47635.879,5.13456504404997,-1.26285877875032E-5
50.00015,-48225.672,5.13456504404997,--
49.9998,-48859.795,5.13456504404997,-1.19676082299699E-5
50.00015,-49469.586,5.13456504404997,--
50.0001,-50149.293,5.13456504404997,-1.09545582240397E-5
50.0006,-50784.3925,5.13456504404997,--
49.9998,-51431.3785,5.13456504404997,-1.10548340297924E-5
49.99995,-52021.734,5.13456504404997,--
50.00075,-52771.6325,5.13456504404997,-1.11484525349637E-5
49.99915,-53422.672,5.13456504404997,--
50.00025,-54144.3265,5.13456504404997,-1.25872253228791E-5
50.0001,-54763.627,5.13456504404997,--
49.9997,-55494.508,5.13456504404997,-9.50288603651773E-6
50.00005,-56078.713,5.13456504404997,--
50.0001,-56767.3675,5.13456504404997,-1.44896072728873E-5
49.99965,-57379.955,5.13456504404997,--
49.9999,-58134.328,5.13456504404997,-9.15808012167285E-6
50.00015,-58744.1195,5.13456504404997,--
49.99985,-59434.5915,5.13456504404997,-1.02827099200915E-5
50,-60055.57,5.13456504404997,--
49.99995,-60789.5275,5.13456504404997,-1.03951279454058E-5
50.0001,-61391.0725,5.13456504404997,--
50.00015,-62048.4045,5.13456504404997,-1.01025811377116E-5
50.00025,-62634.2835,5.13456504404997,--
50,-63376.631,5.13456504404997,-6.9244940746316E-6
50.0001,-63983.629,5.13456504404997,--
49.9997,-64650.3285,5.13456504404997,-9.13495232593416E-6
50.00025,-65291.0215,5.13456504404997,--
50.0003,-65957.5825,5.13456504404997,-9.42296105884767E-6
49.99995,-66557.0275,5.13456504404997,--
49.99995,-67287.3515,5.13456504404997,-5.83568925584367E-6
50.00015,-67911.543,5.13456504404997,--
49.99995,-68633.34,5.13456504404997,-8.80107872235165E-6
50.00015,-69254.035,5.13456504404997,--
50.0003,-69993.172,5.13456504404997,-8.47780382569399E-6
49.9994,-70642.809,5.13456504404997,--
50.00015,-71377.3325,5.13456504404997,-7.34844643792841E-6
49.9998,-71966.57,5.13456504404997,--
50.00005,-72641.5195,5.13456504404997,-7.8295317317504E-6
50,-73221.664,5.13456504404997,--
50.00005,-74008.4805,5.13456504404997,-5.7575090456485E-6
50.0001,-74638.4025,5.13456504404997,--
50,-75351.25,5.13456504404997,-6.90439685043861E-6
49.9999,-75981.176,5.13456504404997,--
50.0001,-76699.055,5.13456504404997,-5.09160315070772E-6
49.9999,-77304.09,5.13456504404997,--
50.0001,-77990.785,5.13456504404997,-6.92808742749309E-6
49.99995,-78578.0665,5.13456504404997,--
49.99985,-79294.4065,5.13456504404997,-4.95153739282893E-6
49.9999,-79892.7265,5.13456504404997,--
50.0001,-80547.125,5.13456504404997,-3.69497423454989E-6
49.99955,-81172.719,5.13456504404997,--
50.0004,-81855.082,5.13456504404997,-4.45220314371381E-6
49.99975,-82463.473,5.13456504404997,--
50.0001,-83189.18,5.13456504404997,-3.45525883197723E-6
50.00015,-83777.0195,5.13456504404997,--
50.0001,-84477.418,5.13456504404997,-4.34264584025674E-6
50,-85119.6525,5.13456504404997,--
49.9998,-85827.602,5.13456504404997,-4.99504357396399E-6
50.0005,-86441.1605,5.13456504404997,--
49.9998,-87172.0465,5.13456504404997,-3.17202573794121E-6
49.99985,-87806.586,5.13456504404997,--
50.0005,-88485.453,5.13456504404997,-4.39004126156794E-6
50,-89108.6715,5.13456504404997,--
50.0002,-89858.008,5.13456504404997,-3.21970388457976E-6
49.9999,-90506.1135,5.13456504404997,--
50.00015,-91186.0935,5.13456504404997,-1.61840616574763E-6
49.9997,-91787.3555,5.13456504404997,--
50.0001,-92477.4105,5.13456504404997,-2.96731546026676E-6
50.0003,-93085.6645,5.13456504404997,--
50.00005,-93761.8715,5.13456504404997,-5.03813004787699E-6
50.00015,-94368.027,5.13456504404997,--
49.99995,-95061.297,5.13456504404997,-1.92991570813894E-6
50.0002,-95699.6095,5.13456504404997,--
50.00015,-96358.484,5.13456504404997,-3.55347926369026E-6
49.9998,-96953.0315,5.13456504404997,--
50.0003,-97643.9255,5.13456504404997,-1.7775023577466E-6
50.00005,-98237.492,5.13456504404997,--
49.99985,-99170.5665,5.13456504404997,-1.63451412814852E-6
49.99995,-99737.8475,5.13456504404997,--
50,-100689.2465,5.13456504404997,-4.01478962497711E-7
50,-101322.383,5.13456504404997,--
49.99985,-102017.469,5.13456504404997,-1.65840902733093E-6
49.99975,-102645.16,5.13456504404997,--
49.9998,-103389.324,5.13456504404997,-3.10961948403244E-7
50.0003,-103984.0155,5.13456504404997,--
49.99975,-104722.7265,5.13456504404997,1.30807396844687E-6
50,-105368.1755,5.13456504404997,--
50.00025,-106040.3285,5.13456504404997,-5.59885334600073E-7
49.99955,-106651.234,5.13456504404997,--
50.00005,-107382.6795,5.13456504404997,5.23642510833242E-7
49.99995,-108038.613,5.13456504404997,--
49.9999,-108754.8125,5.13456504404997,3.09903133683053E-6
49.99995,-109390.8905,5.13456504404997,--
49.99985,-110108.352,5.13456504404997,1.38823759436836E-6
49.99995,-110714.785,5.13456504404997,--
50.0003,-111451.4025,5.13456504404997,1.69227928092687E-6
50.0002,-112062.0315,5.13456504404997,--
50.00005,-112711.3945,5.13456504404997,-4.65080795420741E-7
49.99995,-113334.6055,5.13456504404997,--
49.99975,-114024.9375,5.13456504404997,3.58954545309738E-6
50.0001,-114645.7735,5.13456504404997,--
50.00005,-115342.121,5.13456504404997,3.30091745075511E-6
50,-115950.094,5.13456504404997,--
50.00005,-116673.004,5.13456504404997,2.54714418410796E-6
50.0003,-117312.301,5.13456504404997,--
50.00035,-117953.969,5.13456504404997,3.69855063196263E-6
49.9994,-118557.188,5.13456504404997,--
50.00015,-119293.9415,5.13456504404997,5.18513450730097E-6
49.99995,-119928.6215,5.13456504404997,--
50.00025,-120615.5975,5.13456504404997,5.57313106605647E-6
50.00005,-121226.6485,5.13456504404997,--
50,-121934.879,5.13456504404997,4.63820733866304E-6
49.99985,-122530.2655,5.13456504404997,--
50,-123219.6175,5.13456504404997,6.1402610508187E-6
50.00015,-123827.168,5.13456504404997,--
49.9997,-124538.8985,5.13456504404997,5.85808559251979E-6
50.00025,-125169.242,5.13456504404997,--
50.0001,-125835.9455,5.13456504404997,5.32474221678394E-6
50,-126434.824,5.13456504404997,--
49.9996,-127169.2035,5.13456504404997,5.40569397290181E-6
49.9999,-127750.6095,5.13456504404997,--
50.00005,-128438.703,5.13456504404997,5.72091708832443E-6
50.0002,-129042.4845,5.13456504404997,--
49.9995,-129747.215,5.13456504404997,8.07472008738839E-6
50.0003,-130367.4925,5.13456504404997,--
49.9998,-131051.117,5.13456504404997,8.4741475514842E-6
50.00015,-131625.3905,5.13456504404997,--
50,-132293.0705,5.13456504404997,7.12697925300227E-6
50.0001,-132903,5.13456504404997,--
49.9998,-133576.836,5.13456504404997,7.52048379089116E-6
50.0001,-134189.555,5.13456504404997,--
50.00025,-134891.078,5.13456504404997,5.6371127292152E-6
49.9995,-135514.4295,5.13456504404997,--
49.99975,-136257.203,5.13456504404997,8.83101703824793E-6
50.0001,-136855.391,5.13456504404997,--
50.00005,-137561.102,5.13456504404997,8.93457886210468E-6
50.00015,-138148.2425,5.13456504404997,--
50.0001,-138830.891,5.13456504404997,8.57715490751717E-6
49.99985,-139414.969,5.13456504404997,--
49.99975,-139964.2035,5.13456504404997,9.4288305420881E-6
49.9997,-139998.578,5.13456504404997,--
50.00035,-139998.578,5.13456504404997,1.04100819974488E-5
50.0003,-139998.578,5.13456504404997,--
